Timestep: 0 s
0,0,29.94
0,1,34.31
0,2,29.81
0,3,27.69
0,4,26.13
0,5,23.38
0,6,21.25
0,7,19.44
0,8,18.13
1,0,27.25
1,1,27.94
1,2,27.06
1,3,26.38
1,4,25.31
1,5,21.88
1,6,19.88
1,7,18.69
1,8,18.0
2,0,26.31
2,1,26.31
2,2,27.75
2,3,24.06
2,4,22.31
2,5,20.44
2,6,18.5
2,7,16.81
2,8,16.31
3,0,26.0
3,1,25.13
3,2,24.69
3,3,22.88
3,4,20.63
3,5,18.13
3,6,15.5
3,7,15.25
3,8,14.38
4,0,23.44
4,1,24.5
4,2,23.06
4,3,19.19
4,4,19.19
4,5,17.25
4,6,13.75
4,7,12.63
4,8,11.19
5,0,23.13
5,1,22.44
5,2,21.38
5,3,19.25
5,4,16.75
5,5,14.38
5,6,13.69
5,7,8.06
5,8,8.38
6,0,21.94
6,1,21.31
6,2,20.0
6,3,18.25
6,4,16.44
6,5,11.63
6,6,9.94
6,7,3.81
6,8,5.63
7,0,20.94
7,1,20.31
7,2,18.88
7,3,17.44
7,4,14.5
7,5,12.38
7,6,6.5
7,7,-1.19
7,8,-11.25
8,0,20.63
8,1,19.81
8,2,18.25
8,3,15.25
8,4,12.63
8,5,11.19
8,6,4.69
8,7,-4.75
8,8,-9.81
0,0,30.04
0,1,32.83
0,2,29.7
0,3,27.59
0,4,25.9
0,5,23.28
0,6,21.14
0,7,19.41
0,8,18.25
1,0,27.51
1,1,28.2
1,2,27.36
1,3,26.25
1,4,24.88
1,5,21.99
1,6,19.95
1,7,18.64
1,8,17.92
2,0,26.38
2,1,26.46
2,2,26.96
2,3,24.29
2,4,22.41
2,5,20.36
2,6,18.4
2,7,16.94
2,8,16.34
3,0,25.72
3,1,25.19
3,2,24.63
3,3,22.65
3,4,20.61
3,5,18.25
3,6,15.85
3,7,15.11
3,8,14.34
4,0,23.72
4,1,24.14
4,2,22.84
4,3,19.85
4,4,18.95
4,5,16.94
4,6,14.08
4,7,12.47
4,8,11.35
5,0,22.99
5,1,22.46
5,2,21.29
5,3,19.16
5,4,16.93
5,5,14.53
5,6,12.93
5,7,8.62
5,8,8.32
6,0,21.89
6,1,21.26
6,2,19.98
6,3,18.22
6,4,16.05
6,5,12.18
6,6,9.58
6,7,4.42
6,8,4.25
7,0,20.94
7,1,20.28
7,2,18.9
7,3,17.19
7,4,14.54
7,5,11.86
7,6,6.43
7,7,-1.06
7,8,-8.51
8,0,20.58
8,1,19.78
8,2,18.18
8,3,15.5
8,4,12.92
8,5,10.79
8,6,4.6
8,7,-3.95
8,8,-9.23
0,0,30.02
0,1,31.8
0,2,29.52
0,3,27.48
0,4,25.68
0,5,23.19
0,6,21.06
0,7,19.39
0,8,18.33
1,0,27.73
1,1,28.29
1,2,27.48
1,3,26.16
1,4,24.59
1,5,22.02
1,6,19.98
1,7,18.61
1,8,17.87
2,0,26.44
2,1,26.53
2,2,26.5
2,3,24.36
2,4,22.44
2,5,20.33
2,6,18.37
2,7,17.0
2,8,16.35
3,0,25.55
3,1,25.19
3,2,24.51
3,3,22.56
3,4,20.59
3,5,18.32
3,6,16.08
3,7,15.04
3,8,14.32
4,0,23.86
4,1,23.92
4,2,22.7
4,3,20.22
4,4,18.83
4,5,16.77
4,6,14.23
4,7,12.43
4,8,11.45
5,0,22.91
5,1,22.42
5,2,21.21
5,3,19.14
5,4,17.0
5,5,14.6
5,6,12.49
5,7,8.95
5,8,8.23
6,0,21.83
6,1,21.21
6,2,19.94
6,3,18.15
6,4,15.85
6,5,12.45
6,6,9.36
6,7,4.75
6,8,3.53
7,0,20.92
7,1,20.25
7,2,18.89
7,3,17.04
7,4,14.5
7,5,11.53
7,6,6.35
7,7,-0.67
7,8,-6.59
8,0,20.53
8,1,19.74
8,2,18.16
8,3,15.68
8,4,13.12
8,5,10.49
8,6,4.56
8,7,-3.29
8,8,-8.47
0,0,29.94
0,1,31.04
0,2,29.3
0,3,27.35
0,4,25.48
0,5,23.1
0,6,21.0
0,7,19.37
0,8,18.39
1,0,27.88
1,1,28.3
1,2,27.5
1,3,26.08
1,4,24.39
1,5,22.0
1,6,19.99
1,7,18.59
1,8,17.84
2,0,26.49
2,1,26.54
2,2,26.21
2,3,24.36
2,4,22.44
2,5,20.32
2,6,18.37
2,7,17.03
2,8,16.37
3,0,25.44
3,1,25.15
3,2,24.39
3,3,22.51
3,4,20.57
3,5,18.37
3,6,16.24
3,7,15.02
3,8,14.31
4,0,23.92
4,1,23.78
4,2,22.61
4,3,20.43
4,4,18.76
4,5,16.67
4,6,14.3
4,7,12.44
4,8,11.51
5,0,22.84
5,1,22.36
5,2,21.14
5,3,19.15
5,4,17.03
5,5,14.62
5,6,12.24
5,7,9.14
5,8,8.15
6,0,21.78
6,1,21.16
6,2,19.91
6,3,18.08
6,4,15.73
6,5,12.57
6,6,9.23
6,7,4.96
6,8,3.2
7,0,20.9
7,1,20.22
7,2,18.87
7,3,16.95
7,4,14.44
7,5,11.3
7,6,6.3
7,7,-0.19
7,8,-5.15
8,0,20.48
8,1,19.71
8,2,18.14
8,3,15.8
8,4,13.24
8,5,10.26
8,6,4.56
8,7,-2.7
8,8,-7.62
0,0,29.81
0,1,30.47
0,2,29.06
0,3,27.2
0,4,25.3
0,5,23.0
0,6,20.94
0,7,19.36
0,8,18.43
1,0,27.98
1,1,28.25
1,2,27.46
1,3,25.99
1,4,24.23
1,5,21.97
1,6,19.98
1,7,18.58
1,8,17.83
2,0,26.53
2,1,26.53
2,2,26.01
2,3,24.32
2,4,22.42
2,5,20.31
2,6,18.38
2,7,17.05
2,8,16.38
3,0,25.36
3,1,25.09
3,2,24.27
3,3,22.48
3,4,20.55
3,5,18.4
3,6,16.34
3,7,15.02
3,8,14.31
4,0,23.94
4,1,23.67
4,2,22.54
4,3,20.54
4,4,18.73
4,5,16.61
4,6,14.33
4,7,12.47
4,8,11.54
5,0,22.79
5,1,22.3
5,2,21.08
5,3,19.16
5,4,17.04
5,5,14.61
5,6,12.09
5,7,9.25
5,8,8.09
6,0,21.73
6,1,21.12
6,2,19.86
6,3,18.02
6,4,15.65
6,5,12.61
6,6,9.15
6,7,5.12
6,8,3.11
7,0,20.87
7,1,20.19
7,2,18.84
7,3,16.89
7,4,14.38
7,5,11.14
7,6,6.28
7,7,0.29
7,8,-4.03
8,0,20.44
8,1,19.68
8,2,18.14
8,3,15.9
8,4,13.31
8,5,10.09
8,6,4.6
8,7,-2.16
8,8,-6.77

Timestep: 5 s
0,0,29.67
0,1,30.03
0,2,28.83
0,3,27.06
0,4,25.14
0,5,22.91
0,6,20.89
0,7,19.34
0,8,18.46
1,0,28.03
1,1,28.17
1,2,27.38
1,3,25.9
1,4,24.1
1,5,21.92
1,6,19.97
1,7,18.57
1,8,17.82
2,0,26.56
2,1,26.49
2,2,25.86
2,3,24.27
2,4,22.38
2,5,20.3
2,6,18.4
2,7,17.07
2,8,16.38
3,0,25.31
3,1,25.03
3,2,24.16
3,3,22.45
3,4,20.53
3,5,18.42
3,6,16.42
3,7,15.04
3,8,14.31
4,0,23.93
4,1,23.58
4,2,22.47
4,3,20.61
4,4,18.72
4,5,16.58
4,6,14.35
4,7,12.5
4,8,11.57
5,0,22.75
5,1,22.24
5,2,21.03
5,3,19.16
5,4,17.03
5,5,14.6
5,6,11.99
5,7,9.32
5,8,8.06
6,0,21.69
6,1,21.07
6,2,19.82
6,3,17.96
6,4,15.59
6,5,12.61
6,6,9.11
6,7,5.27
6,8,3.15
7,0,20.84
7,1,20.16
7,2,18.81
7,3,16.85
7,4,14.32
7,5,11.02
7,6,6.31
7,7,0.75
7,8,-3.11
8,0,20.41
8,1,19.65
8,2,18.14
8,3,15.96
8,4,13.35
8,5,9.97
8,6,4.66
8,7,-1.64
8,8,-5.93
0,0,29.52
0,1,29.67
0,2,28.6
0,3,26.9
0,4,24.99
0,5,22.82
0,6,20.84
0,7,19.33
0,8,18.49
1,0,28.05
1,1,28.08
1,2,27.29
1,3,25.81
1,4,23.98
1,5,21.87
1,6,19.96
1,7,18.56
1,8,17.82
2,0,26.57
2,1,26.45
2,2,25.74
2,3,24.21
2,4,22.34
2,5,20.29
2,6,18.42
2,7,17.08
2,8,16.39
3,0,25.27
3,1,24.96
3,2,24.07
3,3,22.42
3,4,20.51
3,5,18.43
3,6,16.47
3,7,15.06
3,8,14.32
4,0,23.91
4,1,23.51
4,2,22.42
4,3,20.64
4,4,18.7
4,5,16.56
4,6,14.36
4,7,12.53
4,8,11.59
5,0,22.7
5,1,22.18
5,2,20.98
5,3,19.16
5,4,17.02
5,5,14.57
5,6,11.94
5,7,9.38
5,8,8.06
6,0,21.64
6,1,21.03
6,2,19.77
6,3,17.92
6,4,15.55
6,5,12.59
6,6,9.09
6,7,5.41
6,8,3.27
7,0,20.81
7,1,20.13
7,2,18.78
7,3,16.81
7,4,14.27
7,5,10.93
7,6,6.35
7,7,1.18
7,8,-2.32
8,0,20.37
8,1,19.62
8,2,18.14
8,3,16.0
8,4,13.36
8,5,9.89
8,6,4.75
8,7,-1.14
8,8,-5.12
0,0,29.37
0,1,29.37
0,2,28.38
0,3,26.75
0,4,24.85
0,5,22.73
0,6,20.79
0,7,19.32
0,8,18.5
1,0,28.04
1,1,27.97
1,2,27.17
1,3,25.71
1,4,23.88
1,5,21.82
1,6,19.94
1,7,18.55
1,8,17.82
2,0,26.57
2,1,26.39
2,2,25.64
2,3,24.15
2,4,22.3
2,5,20.28
2,6,18.43
2,7,17.09
2,8,16.39
3,0,25.23
3,1,24.9
3,2,23.99
3,3,22.39
3,4,20.49
3,5,18.44
3,6,16.51
3,7,15.08
3,8,14.33
4,0,23.88
4,1,23.45
4,2,22.36
4,3,20.65
4,4,18.69
4,5,16.54
4,6,14.36
4,7,12.56
4,8,11.6
5,0,22.66
5,1,22.12
5,2,20.94
5,3,19.15
5,4,17.01
5,5,14.55
5,6,11.91
5,7,9.43
5,8,8.08
6,0,21.6
6,1,20.98
6,2,19.73
6,3,17.88
6,4,15.5
6,5,12.56
6,6,9.09
6,7,5.56
6,8,3.45
7,0,20.78
7,1,20.1
7,2,18.75
7,3,16.78
7,4,14.22
7,5,10.87
7,6,6.43
7,7,1.58
7,8,-1.63
8,0,20.34
8,1,19.6
8,2,18.14
8,3,16.03
8,4,13.36
8,5,9.83
8,6,4.86
8,7,-0.66
8,8,-4.35
0,0,29.21
0,1,29.11
0,2,28.17
0,3,26.6
0,4,24.72
0,5,22.65
0,6,20.75
0,7,19.31
0,8,18.52
1,0,28.0
1,1,27.87
1,2,27.06
1,3,25.6
1,4,23.79
1,5,21.77
1,6,19.92
1,7,18.55
1,8,17.82
2,0,26.56
2,1,26.33
2,2,25.54
2,3,24.08
2,4,22.25
2,5,20.26
2,6,18.44
2,7,17.1
2,8,16.4
3,0,25.19
3,1,24.84
3,2,23.92
3,3,22.36
3,4,20.48
3,5,18.45
3,6,16.54
3,7,15.1
3,8,14.34
4,0,23.84
4,1,23.39
4,2,22.32
4,3,20.64
4,4,18.68
4,5,16.53
4,6,14.37
4,7,12.59
4,8,11.62
5,0,22.62
5,1,22.07
5,2,20.89
5,3,19.13
5,4,16.99
5,5,14.53
5,6,11.89
5,7,9.47
5,8,8.11
6,0,21.55
6,1,20.94
6,2,19.69
6,3,17.84
6,4,15.47
6,5,12.54
6,6,9.11
6,7,5.72
6,8,3.65
7,0,20.74
7,1,20.06
7,2,18.72
7,3,16.75
7,4,14.18
7,5,10.83
7,6,6.52
7,7,1.96
7,8,-1.02
8,0,20.3
8,1,19.57
8,2,18.13
8,3,16.05
8,4,13.36
8,5,9.79
8,6,4.99
8,7,-0.2
8,8,-3.63
0,0,29.06
0,1,28.88
0,2,27.97
0,3,26.45
0,4,24.59
0,5,22.57
0,6,20.71
0,7,19.29
0,8,18.53
1,0,27.95
1,1,27.75
1,2,26.93
1,3,25.5
1,4,23.69
1,5,21.72
1,6,19.9
1,7,18.54
1,8,17.82
2,0,26.54
2,1,26.27
2,2,25.45
2,3,24.01
2,4,22.2
2,5,20.24
2,6,18.45
2,7,17.11
2,8,16.41
3,0,25.15
3,1,24.78
3,2,23.85
3,3,22.32
3,4,20.46
3,5,18.45
3,6,16.56
3,7,15.12
3,8,14.35
4,0,23.8
4,1,23.33
4,2,22.27
4,3,20.63
4,4,18.67
4,5,16.52
4,6,14.38
4,7,12.61
4,8,11.64
5,0,22.57
5,1,22.02
5,2,20.85
5,3,19.11
5,4,16.97
5,5,14.51
5,6,11.89
5,7,9.52
5,8,8.17
6,0,21.51
6,1,20.9
6,2,19.65
6,3,17.8
6,4,15.43
6,5,12.51
6,6,9.14
6,7,5.87
6,8,3.87
7,0,20.71
7,1,20.03
7,2,18.69
7,3,16.73
7,4,14.15
7,5,10.8
7,6,6.62
7,7,2.32
7,8,-0.46
8,0,20.27
8,1,19.55
8,2,18.12
8,3,16.06
8,4,13.35
8,5,9.78
8,6,5.13
8,7,0.25
8,8,-2.95

Timestep: 10 s
0,0,28.91
0,1,28.68
0,2,27.79
0,3,26.3
0,4,24.47
0,5,22.49
0,6,20.67
0,7,19.28
0,8,18.53
1,0,27.89
1,1,27.64
1,2,26.81
1,3,25.39
1,4,23.61
1,5,21.66
1,6,19.88
1,7,18.54
1,8,17.82
2,0,26.5
2,1,26.2
2,2,25.37
2,3,23.95
2,4,22.16
2,5,20.22
2,6,18.45
2,7,17.12
2,8,16.41
3,0,25.11
3,1,24.72
3,2,23.78
3,3,22.28
3,4,20.43
3,5,18.44
3,6,16.57
3,7,15.14
3,8,14.37
4,0,23.76
4,1,23.28
4,2,22.22
4,3,20.61
4,4,18.66
4,5,16.51
4,6,14.39
4,7,12.64
4,8,11.67
5,0,22.53
5,1,21.97
5,2,20.81
5,3,19.09
5,4,16.95
5,5,14.5
5,6,11.89
5,7,9.58
5,8,8.24
6,0,21.47
6,1,20.85
6,2,19.61
6,3,17.77
6,4,15.4
6,5,12.5
6,6,9.18
6,7,6.03
6,8,4.1
7,0,20.67
7,1,20.0
7,2,18.66
7,3,16.7
7,4,14.12
7,5,10.79
7,6,6.73
7,7,2.66
7,8,0.06
8,0,20.24
8,1,19.52
8,2,18.11
8,3,16.06
8,4,13.34
8,5,9.78
8,6,5.28
8,7,0.67
8,8,-2.31
0,0,28.77
0,1,28.49
0,2,27.61
0,3,26.16
0,4,24.35
0,5,22.41
0,6,20.63
0,7,19.27
0,8,18.53
1,0,27.81
1,1,27.53
1,2,26.69
1,3,25.29
1,4,23.52
1,5,21.61
1,6,19.85
1,7,18.53
1,8,17.82
2,0,26.46
2,1,26.13
2,2,25.28
2,3,23.88
2,4,22.11
2,5,20.2
2,6,18.45
2,7,17.12
2,8,16.42
3,0,25.07
3,1,24.66
3,2,23.72
3,3,22.24
3,4,20.41
3,5,18.44
3,6,16.59
3,7,15.15
3,8,14.38
4,0,23.72
4,1,23.23
4,2,22.17
4,3,20.58
4,4,18.64
4,5,16.51
4,6,14.39
4,7,12.66
4,8,11.7
5,0,22.48
5,1,21.92
5,2,20.77
5,3,19.06
5,4,16.93
5,5,14.48
5,6,11.9
5,7,9.64
5,8,8.32
6,0,21.43
6,1,20.81
6,2,19.57
6,3,17.74
6,4,15.37
6,5,12.49
6,6,9.24
6,7,6.2
6,8,4.34
7,0,20.63
7,1,19.97
7,2,18.64
7,3,16.68
7,4,14.09
7,5,10.79
7,6,6.85
7,7,2.98
7,8,0.54
8,0,20.2
8,1,19.5
8,2,18.1
8,3,16.05
8,4,13.34
8,5,9.79
8,6,5.44
8,7,1.08
8,8,-1.71
0,0,28.63
0,1,28.31
0,2,27.44
0,3,26.02
0,4,24.24
0,5,22.34
0,6,20.59
0,7,19.25
0,8,18.54
1,0,27.73
1,1,27.41
1,2,26.57
1,3,25.18
1,4,23.44
1,5,21.56
1,6,19.83
1,7,18.52
1,8,17.83
2,0,26.42
2,1,26.06
2,2,25.2
2,3,23.81
2,4,22.06
2,5,20.18
2,6,18.44
2,7,17.13
2,8,16.43
3,0,25.03
3,1,24.6
3,2,23.66
3,3,22.2
3,4,20.38
3,5,18.43
3,6,16.59
3,7,15.17
3,8,14.4
4,0,23.67
4,1,23.18
4,2,22.13
4,3,20.56
4,4,18.63
4,5,16.5
4,6,14.4
4,7,12.69
4,8,11.73
5,0,22.44
5,1,21.88
5,2,20.73
5,3,19.04
5,4,16.91
5,5,14.47
5,6,11.92
5,7,9.7
5,8,8.4
6,0,21.39
6,1,20.77
6,2,19.53
6,3,17.71
6,4,15.35
6,5,12.48
6,6,9.3
6,7,6.36
6,8,4.57
7,0,20.6
7,1,19.93
7,2,18.61
7,3,16.66
7,4,14.07
7,5,10.8
7,6,6.97
7,7,3.29
7,8,0.99
8,0,20.17
8,1,19.47
8,2,18.09
8,3,16.05
8,4,13.33
8,5,9.82
8,6,5.6
8,7,1.48
8,8,-1.14
0,0,28.49
0,1,28.15
0,2,27.28
0,3,25.88
0,4,24.14
0,5,22.27
0,6,20.55
0,7,19.24
0,8,18.54
1,0,27.64
1,1,27.3
1,2,26.45
1,3,25.08
1,4,23.36
1,5,21.51
1,6,19.81
1,7,18.52
1,8,17.83
2,0,26.36
2,1,25.99
2,2,25.12
2,3,23.74
2,4,22.01
2,5,20.15
2,6,18.44
2,7,17.14
2,8,16.44
3,0,24.98
3,1,24.55
3,2,23.6
3,3,22.15
3,4,20.36
3,5,18.42
3,6,16.6
3,7,15.18
3,8,14.41
4,0,23.63
4,1,23.13
4,2,22.08
4,3,20.53
4,4,18.61
4,5,16.49
4,6,14.42
4,7,12.72
4,8,11.77
5,0,22.4
5,1,21.83
5,2,20.69
5,3,19.01
5,4,16.89
5,5,14.47
5,6,11.95
5,7,9.77
5,8,8.5
6,0,21.35
6,1,20.73
6,2,19.5
6,3,17.68
6,4,15.32
6,5,12.48
6,6,9.36
6,7,6.53
6,8,4.81
7,0,20.56
7,1,19.9
7,2,18.58
7,3,16.64
7,4,14.06
7,5,10.82
7,6,7.1
7,7,3.59
7,8,1.41
8,0,20.14
8,1,19.44
8,2,18.07
8,3,16.04
8,4,13.33
8,5,9.86
8,6,5.78
8,7,1.85
8,8,-0.61
0,0,28.35
0,1,27.99
0,2,27.13
0,3,25.75
0,4,24.03
0,5,22.2
0,6,20.51
0,7,19.23
0,8,18.54
1,0,27.55
1,1,27.19
1,2,26.33
1,3,24.98
1,4,23.28
1,5,21.45
1,6,19.78
1,7,18.51
1,8,17.83
2,0,26.31
2,1,25.92
2,2,25.04
2,3,23.67
2,4,21.96
2,5,20.12
2,6,18.43
2,7,17.14
2,8,16.44
3,0,24.93
3,1,24.49
3,2,23.54
3,3,22.11
3,4,20.33
3,5,18.41
3,6,16.61
3,7,15.2
3,8,14.43
4,0,23.58
4,1,23.08
4,2,22.04
4,3,20.5
4,4,18.59
4,5,16.49
4,6,14.43
4,7,12.75
4,8,11.81
5,0,22.35
5,1,21.79
5,2,20.65
5,3,18.98
5,4,16.87
5,5,14.46
5,6,11.98
5,7,9.84
5,8,8.6
6,0,21.31
6,1,20.69
6,2,19.46
6,3,17.65
6,4,15.3
6,5,12.49
6,6,9.44
6,7,6.69
6,8,5.04
7,0,20.53
7,1,19.87
7,2,18.56
7,3,16.61
7,4,14.05
7,5,10.85
7,6,7.24
7,7,3.88
7,8,1.81
8,0,20.11
8,1,19.42
8,2,18.05
8,3,16.03
8,4,13.32
8,5,9.9
8,6,5.95
8,7,2.22
8,8,-0.1

Timestep: 15 s
0,0,28.22
0,1,27.84
0,2,26.98
0,3,25.62
0,4,23.93
0,5,22.13
0,6,20.47
0,7,19.21
0,8,18.53
1,0,27.46
1,1,27.08
1,2,26.22
1,3,24.88
1,4,23.2
1,5,21.4
1,6,19.76
1,7,18.5
1,8,17.83
2,0,26.24
2,1,25.84
2,2,24.96
2,3,23.6
2,4,21.91
2,5,20.1
2,6,18.42
2,7,17.14
2,8,16.45
3,0,24.88
3,1,24.43
3,2,23.49
3,3,22.06
3,4,20.3
3,5,18.4
3,6,16.61
3,7,15.21
3,8,14.45
4,0,23.54
4,1,23.03
4,2,21.99
4,3,20.46
4,4,18.57
4,5,16.48
4,6,14.44
4,7,12.78
4,8,11.85
5,0,22.31
5,1,21.74
5,2,20.61
5,3,18.95
5,4,16.86
5,5,14.46
5,6,12.01
5,7,9.92
5,8,8.71
6,0,21.27
6,1,20.65
6,2,19.43
6,3,17.62
6,4,15.29
6,5,12.5
6,6,9.51
6,7,6.86
6,8,5.27
7,0,20.49
7,1,19.84
7,2,18.53
7,3,16.59
7,4,14.04
7,5,10.89
7,6,7.37
7,7,4.16
7,8,2.2
8,0,20.08
8,1,19.39
8,2,18.03
8,3,16.02
8,4,13.33
8,5,9.95
8,6,6.13
8,7,2.57
8,8,0.38
0,0,28.09
0,1,27.7
0,2,26.84
0,3,25.5
0,4,23.84
0,5,22.06
0,6,20.44
0,7,19.2
0,8,18.53
1,0,27.36
1,1,26.97
1,2,26.11
1,3,24.78
1,4,23.12
1,5,21.35
1,6,19.73
1,7,18.49
1,8,17.83
2,0,26.18
2,1,25.77
2,2,24.88
2,3,23.53
2,4,21.86
2,5,20.07
2,6,18.41
2,7,17.14
2,8,16.46
3,0,24.83
3,1,24.38
3,2,23.43
3,3,22.02
3,4,20.27
3,5,18.39
3,6,16.61
3,7,15.23
3,8,14.47
4,0,23.49
4,1,22.98
4,2,21.95
4,3,20.43
4,4,18.55
4,5,16.47
4,6,14.46
4,7,12.82
4,8,11.9
5,0,22.26
5,1,21.7
5,2,20.57
5,3,18.92
5,4,16.84
5,5,14.46
5,6,12.05
5,7,10.0
5,8,8.81
6,0,21.23
6,1,20.61
6,2,19.39
6,3,17.6
6,4,15.27
6,5,12.52
6,6,9.6
6,7,7.02
6,8,5.49
7,0,20.46
7,1,19.8
7,2,18.5
7,3,16.58
7,4,14.03
7,5,10.93
7,6,7.51
7,7,4.43
7,8,2.56
8,0,20.05
8,1,19.37
8,2,18.02
8,3,16.01
8,4,13.33
8,5,10.01
8,6,6.3
8,7,2.9
8,8,0.83
0,0,27.96
0,1,27.56
0,2,26.7
0,3,25.38
0,4,23.74
0,5,22.0
0,6,20.4
0,7,19.18
0,8,18.53
1,0,27.26
1,1,26.86
1,2,25.99
1,3,24.68
1,4,23.05
1,5,21.3
1,6,19.7
1,7,18.48
1,8,17.83
2,0,26.11
2,1,25.69
2,2,24.8
2,3,23.46
2,4,21.81
2,5,20.04
2,6,18.4
2,7,17.15
2,8,16.47
3,0,24.78
3,1,24.32
3,2,23.37
3,3,21.97
3,4,20.24
3,5,18.37
3,6,16.62
3,7,15.24
3,8,14.49
4,0,23.45
4,1,22.94
4,2,21.91
4,3,20.4
4,4,18.53
4,5,16.47
4,6,14.47
4,7,12.85
4,8,11.95
5,0,22.22
5,1,21.66
5,2,20.54
5,3,18.89
5,4,16.82
5,5,14.47
5,6,12.09
5,7,10.08
5,8,8.93
6,0,21.19
6,1,20.58
6,2,19.36
6,3,17.57
6,4,15.26
6,5,12.54
6,6,9.68
6,7,7.19
6,8,5.71
7,0,20.42
7,1,19.77
7,2,18.48
7,3,16.56
7,4,14.03
7,5,10.97
7,6,7.65
7,7,4.69
7,8,2.91
8,0,20.02
8,1,19.34
8,2,18.0
8,3,15.99
8,4,13.34
8,5,10.08
8,6,6.48
8,7,3.23
8,8,1.26
0,0,27.83
0,1,27.43
0,2,26.57
0,3,25.26
0,4,23.65
0,5,21.94
0,6,20.36
0,7,19.17
0,8,18.52
1,0,27.16
1,1,26.75
1,2,25.89
1,3,24.58
1,4,22.97
1,5,21.25
1,6,19.68
1,7,18.47
1,8,17.83
2,0,26.04
2,1,25.61
2,2,24.72
2,3,23.39
2,4,21.75
2,5,20.01
2,6,18.39
2,7,17.15
2,8,16.47
3,0,24.73
3,1,24.26
3,2,23.31
3,3,21.92
3,4,20.21
3,5,18.36
3,6,16.62
3,7,15.26
3,8,14.51
4,0,23.4
4,1,22.89
4,2,21.86
4,3,20.36
4,4,18.51
4,5,16.46
4,6,14.49
4,7,12.89
4,8,12.0
5,0,22.18
5,1,21.62
5,2,20.5
5,3,18.86
5,4,16.81
5,5,14.47
5,6,12.13
5,7,10.17
5,8,9.04
6,0,21.15
6,1,20.54
6,2,19.33
6,3,17.55
6,4,15.25
6,5,12.57
6,6,9.77
6,7,7.35
6,8,5.93
7,0,20.39
7,1,19.74
7,2,18.45
7,3,16.54
7,4,14.03
7,5,11.02
7,6,7.79
7,7,4.94
7,8,3.24
8,0,19.98
8,1,19.31
8,2,17.97
8,3,15.98
8,4,13.35
8,5,10.14
8,6,6.65
8,7,3.54
8,8,1.67
0,0,27.71
0,1,27.3
0,2,26.44
0,3,25.15
0,4,23.56
0,5,21.87
0,6,20.33
0,7,19.15
0,8,18.51
1,0,27.06
1,1,26.65
1,2,25.78
1,3,24.49
1,4,22.9
1,5,21.2
1,6,19.65
1,7,18.47
1,8,17.83
2,0,25.97
2,1,25.53
2,2,24.64
2,3,23.32
2,4,21.7
2,5,19.97
2,6,18.38
2,7,17.15
2,8,16.48
3,0,24.67
3,1,24.2
3,2,23.26
3,3,21.87
3,4,20.17
3,5,18.34
3,6,16.62
3,7,15.28
3,8,14.54
4,0,23.35
4,1,22.84
4,2,21.82
4,3,20.33
4,4,18.48
4,5,16.46
4,6,14.51
4,7,12.93
4,8,12.05
5,0,22.14
5,1,21.57
5,2,20.46
5,3,18.84
5,4,16.79
5,5,14.48
5,6,12.17
5,7,10.25
5,8,9.15
6,0,21.11
6,1,20.5
6,2,19.3
6,3,17.52
6,4,15.25
6,5,12.6
6,6,9.86
6,7,7.51
6,8,6.14
7,0,20.36
7,1,19.71
7,2,18.43
7,3,16.52
7,4,14.04
7,5,11.08
7,6,7.93
7,7,5.19
7,8,3.56
8,0,19.95
8,1,19.28
8,2,17.95
8,3,15.97
8,4,13.36
8,5,10.21
8,6,6.83
8,7,3.84
8,8,2.06

Timestep: 20 s
0,0,27.59
0,1,27.17
0,2,26.31
0,3,25.04
0,4,23.47
0,5,21.81
0,6,20.29
0,7,19.13
0,8,18.51
1,0,26.96
1,1,26.54
1,2,25.68
1,3,24.4
1,4,22.82
1,5,21.16
1,6,19.62
1,7,18.45
1,8,17.82
2,0,25.89
2,1,25.45
2,2,24.56
2,3,23.26
2,4,21.65
2,5,19.94
2,6,18.36
2,7,17.15
2,8,16.49
3,0,24.61
3,1,24.14
3,2,23.2
3,3,21.83
3,4,20.14
3,5,18.33
3,6,16.62
3,7,15.29
3,8,14.56
4,0,23.3
4,1,22.79
4,2,21.77
4,3,20.29
4,4,18.46
4,5,16.46
4,6,14.53
4,7,12.98
4,8,12.11
5,0,22.09
5,1,21.53
5,2,20.42
5,3,18.81
5,4,16.78
5,5,14.5
5,6,12.22
5,7,10.34
5,8,9.27
6,0,21.07
6,1,20.46
6,2,19.26
6,3,17.5
6,4,15.25
6,5,12.63
6,6,9.95
6,7,7.67
6,8,6.35
7,0,20.32
7,1,19.68
7,2,18.4
7,3,16.51
7,4,14.05
7,5,11.13
7,6,8.08
7,7,5.43
7,8,3.87
8,0,19.92
8,1,19.26
8,2,17.93
8,3,15.97
8,4,13.38
8,5,10.29
8,6,7.0
8,7,4.13
8,8,2.43
0,0,27.47
0,1,27.05
0,2,26.19
0,3,24.93
0,4,23.39
0,5,21.75
0,6,20.26
0,7,19.12
0,8,18.5
1,0,26.86
1,1,26.44
1,2,25.57
1,3,24.31
1,4,22.75
1,5,21.11
1,6,19.6
1,7,18.44
1,8,17.82
2,0,25.82
2,1,25.38
2,2,24.49
2,3,23.19
2,4,21.6
2,5,19.91
2,6,18.35
2,7,17.15
2,8,16.5
3,0,24.55
3,1,24.08
3,2,23.14
3,3,21.78
3,4,20.11
3,5,18.31
3,6,16.62
3,7,15.31
3,8,14.58
4,0,23.26
4,1,22.74
4,2,21.73
4,3,20.26
4,4,18.44
4,5,16.46
4,6,14.55
4,7,13.02
4,8,12.16
5,0,22.05
5,1,21.49
5,2,20.39
5,3,18.78
5,4,16.77
5,5,14.51
5,6,12.27
5,7,10.43
5,8,9.38
6,0,21.03
6,1,20.43
6,2,19.23
6,3,17.48
6,4,15.24
6,5,12.67
6,6,10.04
6,7,7.83
6,8,6.55
7,0,20.29
7,1,19.65
7,2,18.38
7,3,16.5
7,4,14.06
7,5,11.19
7,6,8.22
7,7,5.66
7,8,4.17
8,0,19.89
8,1,19.23
8,2,17.91
8,3,15.96
8,4,13.4
8,5,10.37
8,6,7.17
8,7,4.41
8,8,2.79
0,0,27.35
0,1,26.93
0,2,26.08
0,3,24.83
0,4,23.31
0,5,21.69
0,6,20.22
0,7,19.1
0,8,18.49
1,0,26.76
1,1,26.34
1,2,25.47
1,3,24.22
1,4,22.68
1,5,21.06
1,6,19.57
1,7,18.43
1,8,17.82
2,0,25.74
2,1,25.3
2,2,24.41
2,3,23.12
2,4,21.55
2,5,19.88
2,6,18.34
2,7,17.15
2,8,16.5
3,0,24.49
3,1,24.02
3,2,23.09
3,3,21.73
3,4,20.07
3,5,18.29
3,6,16.63
3,7,15.32
3,8,14.61
4,0,23.21
4,1,22.7
4,2,21.68
4,3,20.22
4,4,18.42
4,5,16.45
4,6,14.57
4,7,13.06
4,8,12.22
5,0,22.01
5,1,21.45
5,2,20.35
5,3,18.76
5,4,16.76
5,5,14.53
5,6,12.32
5,7,10.52
5,8,9.5
6,0,20.99
6,1,20.39
6,2,19.2
6,3,17.46
6,4,15.25
6,5,12.71
6,6,10.14
6,7,7.99
6,8,6.75
7,0,20.25
7,1,19.62
7,2,18.35
7,3,16.48
7,4,14.07
7,5,11.26
7,6,8.36
7,7,5.89
7,8,4.45
8,0,19.86
8,1,19.2
8,2,17.89
8,3,15.95
8,4,13.42
8,5,10.44
8,6,7.34
8,7,4.69
8,8,3.13
0,0,27.23
0,1,26.81
0,2,25.96
0,3,24.73
0,4,23.22
0,5,21.64
0,6,20.19
0,7,19.08
0,8,18.48
1,0,26.66
1,1,26.23
1,2,25.38
1,3,24.13
1,4,22.61
1,5,21.01
1,6,19.54
1,7,18.42
1,8,17.82
2,0,25.66
2,1,25.22
2,2,24.33
2,3,23.05
2,4,21.5
2,5,19.85
2,6,18.32
2,7,17.15
2,8,16.51
3,0,24.43
3,1,23.96
3,2,23.03
3,3,21.68
3,4,20.04
3,5,18.28
3,6,16.63
3,7,15.34
3,8,14.64
4,0,23.16
4,1,22.65
4,2,21.64
4,3,20.19
4,4,18.4
4,5,16.45
4,6,14.59
4,7,13.11
4,8,12.28
5,0,21.96
5,1,21.41
5,2,20.32
5,3,18.73
5,4,16.75
5,5,14.54
5,6,12.38
5,7,10.61
5,8,9.61
6,0,20.96
6,1,20.36
6,2,19.17
6,3,17.44
6,4,15.25
6,5,12.75
6,6,10.23
6,7,8.14
6,8,6.94
7,0,20.22
7,1,19.59
7,2,18.33
7,3,16.47
7,4,14.09
7,5,11.32
7,6,8.5
7,7,6.11
7,8,4.73
8,0,19.83
8,1,19.17
8,2,17.87
8,3,15.95
8,4,13.45
8,5,10.53
8,6,7.51
8,7,4.95
8,8,3.46
0,0,27.12
0,1,26.7
0,2,25.85
0,3,24.63
0,4,23.14
0,5,21.58
0,6,20.15
0,7,19.06
0,8,18.48
1,0,26.56
1,1,26.13
1,2,25.28
1,3,24.04
1,4,22.55
1,5,20.96
1,6,19.52
1,7,18.41
1,8,17.81
2,0,25.58
2,1,25.14
2,2,24.26
2,3,22.99
2,4,21.45
2,5,19.81
2,6,18.31
2,7,17.15
2,8,16.52
3,0,24.37
3,1,23.9
3,2,22.97
3,3,21.63
3,4,20.0
3,5,18.26
3,6,16.63
3,7,15.36
3,8,14.66
4,0,23.11
4,1,22.6
4,2,21.6
4,3,20.15
4,4,18.38
4,5,16.45
4,6,14.62
4,7,13.15
4,8,12.34
5,0,21.92
5,1,21.37
5,2,20.28
5,3,18.7
5,4,16.74
5,5,14.56
5,6,12.43
5,7,10.71
5,8,9.73
6,0,20.92
6,1,20.32
6,2,19.15
6,3,17.43
6,4,15.25
6,5,12.79
6,6,10.33
6,7,8.3
6,8,7.13
7,0,20.19
7,1,19.56
7,2,18.3
7,3,16.46
7,4,14.1
7,5,11.39
7,6,8.63
7,7,6.32
7,8,4.99
8,0,19.8
8,1,19.15
8,2,17.85
8,3,15.94
8,4,13.47
8,5,10.61
8,6,7.68
8,7,5.2
8,8,3.77

Timestep: 25 s
0,0,27.01
0,1,26.58
0,2,25.74
0,3,24.53
0,4,23.07
0,5,21.53
0,6,20.12
0,7,19.05
0,8,18.47
1,0,26.46
1,1,26.04
1,2,25.18
1,3,23.96
1,4,22.48
1,5,20.92
1,6,19.49
1,7,18.4
1,8,17.81
2,0,25.51
2,1,25.06
2,2,24.18
2,3,22.92
2,4,21.4
2,5,19.78
2,6,18.29
2,7,17.15
2,8,16.53
3,0,24.31
3,1,23.84
3,2,22.91
3,3,21.58
3,4,19.97
3,5,18.24
3,6,16.63
3,7,15.38
3,8,14.69
4,0,23.06
4,1,22.55
4,2,21.55
4,3,20.12
4,4,18.36
4,5,16.45
4,6,14.64
4,7,13.2
4,8,12.4
5,0,21.88
5,1,21.33
5,2,20.24
5,3,18.68
5,4,16.73
5,5,14.58
5,6,12.49
5,7,10.8
5,8,9.84
6,0,20.88
6,1,20.29
6,2,19.12
6,3,17.41
6,4,15.26
6,5,12.83
6,6,10.43
6,7,8.45
6,8,7.32
7,0,20.15
7,1,19.53
7,2,18.28
7,3,16.45
7,4,14.12
7,5,11.46
7,6,8.77
7,7,6.53
7,8,5.25
8,0,19.77
8,1,19.12
8,2,17.83
8,3,15.94
8,4,13.5
8,5,10.69
8,6,7.84
8,7,5.45
8,8,4.07
0,0,26.9
0,1,26.47
0,2,25.64
0,3,24.44
0,4,22.99
0,5,21.47
0,6,20.08
0,7,19.03
0,8,18.46
1,0,26.37
1,1,25.94
1,2,25.09
1,3,23.88
1,4,22.41
1,5,20.87
1,6,19.46
1,7,18.39
1,8,17.8
2,0,25.43
2,1,24.98
2,2,24.11
2,3,22.86
2,4,21.35
2,5,19.75
2,6,18.28
2,7,17.15
2,8,16.53
3,0,24.25
3,1,23.78
3,2,22.86
3,3,21.54
3,4,19.94
3,5,18.23
3,6,16.64
3,7,15.4
3,8,14.72
4,0,23.01
4,1,22.5
4,2,21.51
4,3,20.08
4,4,18.34
4,5,16.46
4,6,14.67
4,7,13.25
4,8,12.46
5,0,21.84
5,1,21.29
5,2,20.21
5,3,18.66
5,4,16.73
5,5,14.6
5,6,12.55
5,7,10.89
5,8,9.96
6,0,20.84
6,1,20.25
6,2,19.09
6,3,17.4
6,4,15.27
6,5,12.88
6,6,10.52
6,7,8.6
6,8,7.5
7,0,20.12
7,1,19.5
7,2,18.26
7,3,16.45
7,4,14.15
7,5,11.53
7,6,8.91
7,7,6.74
7,8,5.5
8,0,19.74
8,1,19.09
8,2,17.82
8,3,15.94
8,4,13.53
8,5,10.78
8,6,8.0
8,7,5.69
8,8,4.36
0,0,26.79
0,1,26.36
0,2,25.53
0,3,24.34
0,4,22.92
0,5,21.42
0,6,20.05
0,7,19.01
0,8,18.45
1,0,26.27
1,1,25.84
1,2,25.0
1,3,23.79
1,4,22.35
1,5,20.83
1,6,19.44
1,7,18.37
1,8,17.8
2,0,25.35
2,1,24.9
2,2,24.03
2,3,22.79
2,4,21.3
2,5,19.72
2,6,18.27
2,7,17.15
2,8,16.54
3,0,24.19
3,1,23.72
3,2,22.8
3,3,21.49
3,4,19.9
3,5,18.21
3,6,16.64
3,7,15.42
3,8,14.75
4,0,22.96
4,1,22.45
4,2,21.46
4,3,20.05
4,4,18.32
4,5,16.46
4,6,14.69
4,7,13.3
4,8,12.53
5,0,21.79
5,1,21.25
5,2,20.17
5,3,18.63
5,4,16.72
5,5,14.63
5,6,12.6
5,7,10.98
5,8,10.07
6,0,20.81
6,1,20.22
6,2,19.06
6,3,17.38
6,4,15.28
6,5,12.93
6,6,10.62
6,7,8.74
6,8,7.68
7,0,20.09
7,1,19.47
7,2,18.24
7,3,16.44
7,4,14.17
7,5,11.6
7,6,9.04
7,7,6.94
7,8,5.74
8,0,19.71
8,1,19.07
8,2,17.8
8,3,15.93
8,4,13.56
8,5,10.86
8,6,8.16
8,7,5.92
8,8,4.64
0,0,26.68
0,1,26.26
0,2,25.43
0,3,24.25
0,4,22.84
0,5,21.36
0,6,20.02
0,7,18.99
0,8,18.44
1,0,26.17
1,1,25.75
1,2,24.91
1,3,23.71
1,4,22.28
1,5,20.78
1,6,19.41
1,7,18.36
1,8,17.8
2,0,25.27
2,1,24.83
2,2,23.96
2,3,22.73
2,4,21.25
2,5,19.69
2,6,18.25
2,7,17.15
2,8,16.55
3,0,24.12
3,1,23.66
3,2,22.74
3,3,21.44
3,4,19.87
3,5,18.2
3,6,16.64
3,7,15.44
3,8,14.77
4,0,22.91
4,1,22.4
4,2,21.42
4,3,20.02
4,4,18.3
4,5,16.46
4,6,14.72
4,7,13.35
4,8,12.59
5,0,21.75
5,1,21.21
5,2,20.14
5,3,18.61
5,4,16.72
5,5,14.65
5,6,12.66
5,7,11.07
5,8,10.18
6,0,20.77
6,1,20.18
6,2,19.03
6,3,17.37
6,4,15.29
6,5,12.98
6,6,10.72
6,7,8.89
6,8,7.85
7,0,20.05
7,1,19.44
7,2,18.22
7,3,16.44
7,4,14.19
7,5,11.67
7,6,9.17
7,7,7.13
7,8,5.97
8,0,19.68
8,1,19.04
8,2,17.78
8,3,15.93
8,4,13.59
8,5,10.95
8,6,8.31
8,7,6.15
8,8,4.91
0,0,26.57
0,1,26.15
0,2,25.33
0,3,24.16
0,4,22.77
0,5,21.31
0,6,19.98
0,7,18.97
0,8,18.43
1,0,26.08
1,1,25.65
1,2,24.82
1,3,23.64
1,4,22.22
1,5,20.74
1,6,19.38
1,7,18.35
1,8,17.79
2,0,25.19
2,1,24.75
2,2,23.89
2,3,22.66
2,4,21.2
2,5,19.66
2,6,18.24
2,7,17.15
2,8,16.56
3,0,24.06
3,1,23.59
3,2,22.68
3,3,21.39
3,4,19.84
3,5,18.18
3,6,16.65
3,7,15.46
3,8,14.8
4,0,22.85
4,1,22.35
4,2,21.38
4,3,19.98
4,4,18.29
4,5,16.46
4,6,14.75
4,7,13.4
4,8,12.65
5,0,21.71
5,1,21.17
5,2,20.11
5,3,18.59
5,4,16.72
5,5,14.68
5,6,12.72
5,7,11.16
5,8,10.29
6,0,20.73
6,1,20.15
6,2,19.01
6,3,17.36
6,4,15.3
6,5,13.02
6,6,10.81
6,7,9.03
6,8,8.02
7,0,20.02
7,1,19.41
7,2,18.2
7,3,16.43
7,4,14.22
7,5,11.74
7,6,9.3
7,7,7.32
7,8,6.2
8,0,19.65
8,1,19.01
8,2,17.76
8,3,15.94
8,4,13.63
8,5,11.03
8,6,8.47
8,7,6.37
8,8,5.17

Timestep: 30 s
0,0,26.47
0,1,26.05
0,2,25.23
0,3,24.08
0,4,22.7
0,5,21.26
0,6,19.95
0,7,18.96
0,8,18.42
1,0,25.98
1,1,25.56
1,2,24.73
1,3,23.56
1,4,22.16
1,5,20.69
1,6,19.36
1,7,18.34
1,8,17.79
2,0,25.11
2,1,24.67
2,2,23.81
2,3,22.6
2,4,21.15
2,5,19.63
2,6,18.22
2,7,17.15
2,8,16.57
3,0,24.0
3,1,23.53
3,2,22.63
3,3,21.35
3,4,19.8
3,5,18.17
3,6,16.65
3,7,15.48
3,8,14.83
4,0,22.8
4,1,22.3
4,2,21.33
4,3,19.95
4,4,18.27
4,5,16.47
4,6,14.78
4,7,13.45
4,8,12.71
5,0,21.66
5,1,21.13
5,2,20.07
5,3,18.57
5,4,16.72
5,5,14.7
5,6,12.78
5,7,11.25
5,8,10.4
6,0,20.7
6,1,20.12
6,2,18.98
6,3,17.35
6,4,15.31
6,5,13.08
6,6,10.91
6,7,9.17
6,8,8.19
7,0,19.99
7,1,19.38
7,2,18.18
7,3,16.43
7,4,14.25
7,5,11.81
7,6,9.43
7,7,7.5
7,8,6.42
8,0,19.62
8,1,18.99
8,2,17.75
8,3,15.94
8,4,13.66
8,5,11.12
8,6,8.62
8,7,6.58
8,8,5.43
0,0,26.36
0,1,25.95
0,2,25.13
0,3,23.99
0,4,22.63
0,5,21.21
0,6,19.92
0,7,18.94
0,8,18.41
1,0,25.89
1,1,25.46
1,2,24.64
1,3,23.48
1,4,22.1
1,5,20.65
1,6,19.33
1,7,18.33
1,8,17.78
2,0,25.03
2,1,24.59
2,2,23.74
2,3,22.54
2,4,21.1
2,5,19.59
2,6,18.21
2,7,17.15
2,8,16.57
3,0,23.93
3,1,23.47
3,2,22.57
3,3,21.3
3,4,19.77
3,5,18.15
3,6,16.66
3,7,15.5
3,8,14.86
4,0,22.75
4,1,22.26
4,2,21.29
4,3,19.92
4,4,18.25
4,5,16.47
4,6,14.8
4,7,13.5
4,8,12.78
5,0,21.62
5,1,21.09
5,2,20.04
5,3,18.55
5,4,16.72
5,5,14.73
5,6,12.84
5,7,11.34
5,8,10.51
6,0,20.66
6,1,20.08
6,2,18.96
6,3,17.34
6,4,15.33
6,5,13.13
6,6,11.0
6,7,9.3
6,8,8.35
7,0,19.96
7,1,19.35
7,2,18.16
7,3,16.43
7,4,14.27
7,5,11.88
7,6,9.56
7,7,7.69
7,8,6.63
8,0,19.59
8,1,18.96
8,2,17.73
8,3,15.94
8,4,13.7
8,5,11.2
8,6,8.76
8,7,6.79
8,8,5.67
0,0,26.26
0,1,25.84
0,2,25.04
0,3,23.91
0,4,22.56
0,5,21.16
0,6,19.89
0,7,18.92
0,8,18.4
1,0,25.8
1,1,25.37
1,2,24.56
1,3,23.41
1,4,22.04
1,5,20.61
1,6,19.31
1,7,18.31
1,8,17.78
2,0,24.95
2,1,24.52
2,2,23.67
2,3,22.48
2,4,21.06
2,5,19.56
2,6,18.2
2,7,17.15
2,8,16.58
3,0,23.87
3,1,23.41
3,2,22.52
3,3,21.25
3,4,19.74
3,5,18.14
3,6,16.66
3,7,15.52
3,8,14.89
4,0,22.7
4,1,22.21
4,2,21.25
4,3,19.88
4,4,18.24
4,5,16.48
4,6,14.83
4,7,13.55
4,8,12.84
5,0,21.58
5,1,21.05
5,2,20.01
5,3,18.53
5,4,16.72
5,5,14.76
5,6,12.9
5,7,11.43
5,8,10.62
6,0,20.62
6,1,20.05
6,2,18.93
6,3,17.33
6,4,15.35
6,5,13.18
6,6,11.1
6,7,9.44
6,8,8.51
7,0,19.93
7,1,19.32
7,2,18.14
7,3,16.43
7,4,14.3
7,5,11.96
7,6,9.69
7,7,7.86
7,8,6.84
8,0,19.56
8,1,18.94
8,2,17.72
8,3,15.95
8,4,13.74
8,5,11.29
8,6,8.91
8,7,6.99
8,8,5.91
0,0,26.16
0,1,25.75
0,2,24.95
0,3,23.83
0,4,22.5
0,5,21.11
0,6,19.86
0,7,18.9
0,8,18.38
1,0,25.7
1,1,25.28
1,2,24.47
1,3,23.33
1,4,21.98
1,5,20.57
1,6,19.28
1,7,18.3
1,8,17.77
2,0,24.87
2,1,24.44
2,2,23.6
2,3,22.42
2,4,21.01
2,5,19.54
2,6,18.19
2,7,17.15
2,8,16.59
3,0,23.81
3,1,23.35
3,2,22.46
3,3,21.21
3,4,19.71
3,5,18.13
3,6,16.67
3,7,15.54
3,8,14.92
4,0,22.65
4,1,22.16
4,2,21.2
4,3,19.85
4,4,18.22
4,5,16.49
4,6,14.86
4,7,13.6
4,8,12.9
5,0,21.54
5,1,21.01
5,2,19.98
5,3,18.51
5,4,16.72
5,5,14.79
5,6,12.96
5,7,11.52
5,8,10.73
6,0,20.59
6,1,20.02
6,2,18.91
6,3,17.32
6,4,15.36
6,5,13.23
6,6,11.19
6,7,9.57
6,8,8.67
7,0,19.89
7,1,19.3
7,2,18.12
7,3,16.43
7,4,14.33
7,5,12.03
7,6,9.81
7,7,8.03
7,8,7.04
8,0,19.53
8,1,18.91
8,2,17.7
8,3,15.95
8,4,13.78
8,5,11.37
8,6,9.05
8,7,7.18
8,8,6.14
0,0,26.06
0,1,25.65
0,2,24.85
0,3,23.74
0,4,22.43
0,5,21.06
0,6,19.82
0,7,18.88
0,8,18.37
1,0,25.61
1,1,25.19
1,2,24.39
1,3,23.26
1,4,21.92
1,5,20.53
1,6,19.26
1,7,18.29
1,8,17.77
2,0,24.8
2,1,24.36
2,2,23.53
2,3,22.36
2,4,20.96
2,5,19.51
2,6,18.17
2,7,17.15
2,8,16.6
3,0,23.74
3,1,23.29
3,2,22.4
3,3,21.16
3,4,19.68
3,5,18.11
3,6,16.67
3,7,15.56
3,8,14.95
4,0,22.6
4,1,22.11
4,2,21.16
4,3,19.82
4,4,18.21
4,5,16.49
4,6,14.89
4,7,13.65
4,8,12.97
5,0,21.49
5,1,20.97
5,2,19.94
5,3,18.49
5,4,16.72
5,5,14.82
5,6,13.02
5,7,11.61
5,8,10.83
6,0,20.55
6,1,19.99
6,2,18.89
6,3,17.31
6,4,15.38
6,5,13.28
6,6,11.28
6,7,9.7
6,8,8.82
7,0,19.86
7,1,19.27
7,2,18.1
7,3,16.43
7,4,14.36
7,5,12.1
7,6,9.93
7,7,8.2
7,8,7.24
8,0,19.5
8,1,18.89
8,2,17.69
8,3,15.96
8,4,13.81
8,5,11.46
8,6,9.19
8,7,7.38
8,8,6.36

Timestep: 35 s
0,0,25.96
0,1,25.55
0,2,24.76
0,3,23.67
0,4,22.37
0,5,21.02
0,6,19.79
0,7,18.86
0,8,18.36
1,0,25.52
1,1,25.11
1,2,24.31
1,3,23.19
1,4,21.86
1,5,20.48
1,6,19.23
1,7,18.28
1,8,17.76
2,0,24.72
2,1,24.29
2,2,23.46
2,3,22.3
2,4,20.92
2,5,19.48
2,6,18.16
2,7,17.16
2,8,16.61
3,0,23.68
3,1,23.23
3,2,22.35
3,3,21.12
3,4,19.65
3,5,18.1
3,6,16.68
3,7,15.58
3,8,14.98
4,0,22.55
4,1,22.06
4,2,21.12
4,3,19.79
4,4,18.19
4,5,16.5
4,6,14.92
4,7,13.7
4,8,13.03
5,0,21.45
5,1,20.93
5,2,19.91
5,3,18.47
5,4,16.72
5,5,14.85
5,6,13.08
5,7,11.7
5,8,10.94
6,0,20.52
6,1,19.96
6,2,18.86
6,3,17.3
6,4,15.4
6,5,13.34
6,6,11.38
6,7,9.83
6,8,8.97
7,0,19.83
7,1,19.24
7,2,18.09
7,3,16.43
7,4,14.4
7,5,12.18
7,6,10.05
7,7,8.37
7,8,7.43
8,0,19.47
8,1,18.86
8,2,17.68
8,3,15.97
8,4,13.85
8,5,11.54
8,6,9.33
8,7,7.56
8,8,6.58
0,0,25.86
0,1,25.46
0,2,24.68
0,3,23.59
0,4,22.3
0,5,20.97
0,6,19.76
0,7,18.85
0,8,18.35
1,0,25.43
1,1,25.02
1,2,24.22
1,3,23.12
1,4,21.81
1,5,20.44
1,6,19.21
1,7,18.27
1,8,17.76
2,0,24.64
2,1,24.21
2,2,23.39
2,3,22.24
2,4,20.87
2,5,19.45
2,6,18.15
2,7,17.16
2,8,16.62
3,0,23.62
3,1,23.17
3,2,22.29
3,3,21.07
3,4,19.62
3,5,18.09
3,6,16.69
3,7,15.6
3,8,15.02
4,0,22.49
4,1,22.01
4,2,21.08
4,3,19.76
4,4,18.18
4,5,16.51
4,6,14.95
4,7,13.75
4,8,13.09
5,0,21.41
5,1,20.89
5,2,19.88
5,3,18.45
5,4,16.72
5,5,14.88
5,6,13.14
5,7,11.79
5,8,11.04
6,0,20.48
6,1,19.92
6,2,18.84
6,3,17.3
6,4,15.42
6,5,13.39
6,6,11.47
6,7,9.96
6,8,9.12
7,0,19.8
7,1,19.22
7,2,18.07
7,3,16.44
7,4,14.43
7,5,12.25
7,6,10.17
7,7,8.53
7,8,7.62
8,0,19.44
8,1,18.84
8,2,17.66
8,3,15.97
8,4,13.89
8,5,11.63
8,6,9.46
8,7,7.74
8,8,6.79
0,0,25.77
0,1,25.36
0,2,24.59
0,3,23.51
0,4,22.24
0,5,20.92
0,6,19.73
0,7,18.83
0,8,18.34
1,0,25.34
1,1,24.93
1,2,24.14
1,3,23.05
1,4,21.75
1,5,20.4
1,6,19.18
1,7,18.26
1,8,17.75
2,0,24.57
2,1,24.14
2,2,23.32
2,3,22.18
2,4,20.83
2,5,19.42
2,6,18.14
2,7,17.16
2,8,16.63
3,0,23.55
3,1,23.1
3,2,22.24
3,3,21.03
3,4,19.59
3,5,18.08
3,6,16.69
3,7,15.63
3,8,15.05
4,0,22.44
4,1,21.96
4,2,21.04
4,3,19.73
4,4,18.17
4,5,16.52
4,6,14.99
4,7,13.8
4,8,13.15
5,0,21.37
5,1,20.85
5,2,19.85
5,3,18.44
5,4,16.73
5,5,14.91
5,6,13.2
5,7,11.87
5,8,11.14
6,0,20.44
6,1,19.89
6,2,18.82
6,3,17.29
6,4,15.44
6,5,13.44
6,6,11.56
6,7,10.08
6,8,9.26
7,0,19.77
7,1,19.19
7,2,18.06
7,3,16.44
7,4,14.46
7,5,12.32
7,6,10.29
7,7,8.69
7,8,7.8
8,0,19.41
8,1,18.82
8,2,17.65
8,3,15.98
8,4,13.93
8,5,11.71
8,6,9.6
8,7,7.92
8,8,6.99
0,0,25.67
0,1,25.27
0,2,24.5
0,3,23.43
0,4,22.18
0,5,20.88
0,6,19.7
0,7,18.81
0,8,18.33
1,0,25.25
1,1,24.85
1,2,24.06
1,3,22.98
1,4,21.69
1,5,20.37
1,6,19.16
1,7,18.24
1,8,17.75
2,0,24.49
2,1,24.07
2,2,23.25
2,3,22.12
2,4,20.79
2,5,19.39
2,6,18.13
2,7,17.16
2,8,16.64
3,0,23.49
3,1,23.04
3,2,22.19
3,3,20.99
3,4,19.56
3,5,18.07
3,6,16.7
3,7,15.65
3,8,15.08
4,0,22.39
4,1,21.91
4,2,20.99
4,3,19.7
4,4,18.16
4,5,16.52
4,6,15.02
4,7,13.85
4,8,13.21
5,0,21.33
5,1,20.81
5,2,19.82
5,3,18.42
5,4,16.73
5,5,14.94
5,6,13.26
5,7,11.96
5,8,11.24
6,0,20.41
6,1,19.86
6,2,18.8
6,3,17.29
6,4,15.46
6,5,13.49
6,6,11.65
6,7,10.2
6,8,9.4
7,0,19.74
7,1,19.16
7,2,18.04
7,3,16.44
7,4,14.49
7,5,12.39
7,6,10.4
7,7,8.84
7,8,7.97
8,0,19.39
8,1,18.8
8,2,17.64
8,3,15.99
8,4,13.98
8,5,11.79
8,6,9.73
8,7,8.09
8,8,7.19
0,0,25.58
0,1,25.18
0,2,24.42
0,3,23.36
0,4,22.12
0,5,20.83
0,6,19.67
0,7,18.79
0,8,18.32
1,0,25.17
1,1,24.76
1,2,23.99
1,3,22.91
1,4,21.64
1,5,20.33
1,6,19.14
1,7,18.23
1,8,17.74
2,0,24.41
2,1,23.99
2,2,23.19
2,3,22.07
2,4,20.74
2,5,19.37
2,6,18.12
2,7,17.16
2,8,16.65
3,0,23.43
3,1,22.98
3,2,22.13
3,3,20.94
3,4,19.53
3,5,18.06
3,6,16.71
3,7,15.67
3,8,15.11
4,0,22.34
4,1,21.87
4,2,20.95
4,3,19.67
4,4,18.14
4,5,16.53
4,6,15.05
4,7,13.9
4,8,13.27
5,0,21.28
5,1,20.77
5,2,19.79
5,3,18.4
5,4,16.74
5,5,14.97
5,6,13.32
5,7,12.04
5,8,11.34
6,0,20.37
6,1,19.83
6,2,18.78
6,3,17.29
6,4,15.48
6,5,13.55
6,6,11.74
6,7,10.32
6,8,9.54
7,0,19.71
7,1,19.14
7,2,18.03
7,3,16.45
7,4,14.53
7,5,12.46
7,6,10.52
7,7,8.99
7,8,8.15
8,0,19.36
8,1,18.77
8,2,17.63
8,3,16.0
8,4,14.02
8,5,11.88
8,6,9.85
8,7,8.26
8,8,7.38

Timestep: 40 s
0,0,25.48
0,1,25.09
0,2,24.33
0,3,23.29
0,4,22.06
0,5,20.79
0,6,19.64
0,7,18.77
0,8,18.31
1,0,25.08
1,1,24.68
1,2,23.91
1,3,22.84
1,4,21.59
1,5,20.29
1,6,19.11
1,7,18.22
1,8,17.74
2,0,24.34
2,1,23.92
2,2,23.12
2,3,22.01
2,4,20.7
2,5,19.34
2,6,18.11
2,7,17.16
2,8,16.65
3,0,23.36
3,1,22.92
3,2,22.08
3,3,20.9
3,4,19.5
3,5,18.05
3,6,16.71
3,7,15.69
3,8,15.14
4,0,22.29
4,1,21.82
4,2,20.91
4,3,19.64
4,4,18.13
4,5,16.54
4,6,15.08
4,7,13.95
4,8,13.33
5,0,21.24
5,1,20.74
5,2,19.76
5,3,18.39
5,4,16.74
5,5,15.0
5,6,13.38
5,7,12.12
5,8,11.43
6,0,20.34
6,1,19.8
6,2,18.76
6,3,17.28
6,4,15.5
6,5,13.6
6,6,11.82
6,7,10.44
6,8,9.68
7,0,19.68
7,1,19.11
7,2,18.02
7,3,16.46
7,4,14.56
7,5,12.53
7,6,10.63
7,7,9.14
7,8,8.32
8,0,19.33
8,1,18.75
8,2,17.62
8,3,16.01
8,4,14.06
8,5,11.96
8,6,9.98
8,7,8.43
8,8,7.57
0,0,25.39
0,1,25.0
0,2,24.25
0,3,23.21
0,4,22.0
0,5,20.75
0,6,19.61
0,7,18.76
0,8,18.29
1,0,24.99
1,1,24.6
1,2,23.83
1,3,22.78
1,4,21.53
1,5,20.25
1,6,19.09
1,7,18.21
1,8,17.74
2,0,24.26
2,1,23.85
2,2,23.06
2,3,21.96
2,4,20.66
2,5,19.32
2,6,18.1
2,7,17.17
2,8,16.66
3,0,23.3
3,1,22.86
3,2,22.03
3,3,20.86
3,4,19.48
3,5,18.04
3,6,16.72
3,7,15.72
3,8,15.17
4,0,22.24
4,1,21.77
4,2,20.87
4,3,19.62
4,4,18.12
4,5,16.55
4,6,15.11
4,7,14.0
4,8,13.39
5,0,21.2
5,1,20.7
5,2,19.73
5,3,18.38
5,4,16.75
5,5,15.03
5,6,13.44
5,7,12.21
5,8,11.53
6,0,20.31
6,1,19.77
6,2,18.74
6,3,17.28
6,4,15.52
6,5,13.65
6,6,11.91
6,7,10.55
6,8,9.81
7,0,19.65
7,1,19.09
7,2,18.0
7,3,16.46
7,4,14.6
7,5,12.61
7,6,10.74
7,7,9.28
7,8,8.48
8,0,19.31
8,1,18.73
8,2,17.61
8,3,16.02
8,4,14.1
8,5,12.04
8,6,10.1
8,7,8.59
8,8,7.75
0,0,25.3
0,1,24.91
0,2,24.17
0,3,23.14
0,4,21.94
0,5,20.7
0,6,19.59
0,7,18.74
0,8,18.28
1,0,24.91
1,1,24.51
1,2,23.76
1,3,22.71
1,4,21.48
1,5,20.21
1,6,19.07
1,7,18.2
1,8,17.73
2,0,24.19
2,1,23.78
2,2,22.99
2,3,21.9
2,4,20.62
2,5,19.29
2,6,18.09
2,7,17.17
2,8,16.67
3,0,23.24
3,1,22.81
3,2,21.97
3,3,20.82
3,4,19.45
3,5,18.03
3,6,16.73
3,7,15.74
3,8,15.2
4,0,22.19
4,1,21.72
4,2,20.83
4,3,19.59
4,4,18.11
4,5,16.56
4,6,15.14
4,7,14.05
4,8,13.45
5,0,21.16
5,1,20.66
5,2,19.7
5,3,18.36
5,4,16.76
5,5,15.06
5,6,13.5
5,7,12.29
5,8,11.62
6,0,20.27
6,1,19.74
6,2,18.72
6,3,17.28
6,4,15.54
6,5,13.71
6,6,12.0
6,7,10.67
6,8,9.94
7,0,19.62
7,1,19.07
7,2,17.99
7,3,16.47
7,4,14.63
7,5,12.68
7,6,10.85
7,7,9.42
7,8,8.64
8,0,19.28
8,1,18.71
8,2,17.6
8,3,16.04
8,4,14.14
8,5,12.12
8,6,10.23
8,7,8.75
8,8,7.93
0,0,25.21
0,1,24.83
0,2,24.09
0,3,23.07
0,4,21.88
0,5,20.66
0,6,19.56
0,7,18.72
0,8,18.27
1,0,24.83
1,1,24.43
1,2,23.68
1,3,22.65
1,4,21.43
1,5,20.18
1,6,19.05
1,7,18.19
1,8,17.73
2,0,24.11
2,1,23.71
2,2,22.93
2,3,21.85
2,4,20.58
2,5,19.27
2,6,18.08
2,7,17.17
2,8,16.68
3,0,23.18
3,1,22.75
3,2,21.92
3,3,20.78
3,4,19.42
3,5,18.02
3,6,16.74
3,7,15.76
3,8,15.23
4,0,22.14
4,1,21.68
4,2,20.79
4,3,19.56
4,4,18.1
4,5,16.57
4,6,15.17
4,7,14.1
4,8,13.51
5,0,21.12
5,1,20.63
5,2,19.68
5,3,18.35
5,4,16.76
5,5,15.09
5,6,13.55
5,7,12.37
5,8,11.72
6,0,20.24
6,1,19.71
6,2,18.7
6,3,17.28
6,4,15.57
6,5,13.76
6,6,12.08
6,7,10.78
6,8,10.07
7,0,19.59
7,1,19.04
7,2,17.98
7,3,16.48
7,4,14.67
7,5,12.75
7,6,10.96
7,7,9.56
7,8,8.8
8,0,19.25
8,1,18.69
8,2,17.59
8,3,16.05
8,4,14.18
8,5,12.2
8,6,10.34
8,7,8.9
8,8,8.11
0,0,25.12
0,1,24.74
0,2,24.01
0,3,23.0
0,4,21.83
0,5,20.62
0,6,19.53
0,7,18.7
0,8,18.26
1,0,24.74
1,1,24.35
1,2,23.61
1,3,22.58
1,4,21.38
1,5,20.14
1,6,19.03
1,7,18.18
1,8,17.72
2,0,24.04
2,1,23.64
2,2,22.86
2,3,21.79
2,4,20.54
2,5,19.24
2,6,18.07
2,7,17.17
2,8,16.69
3,0,23.12
3,1,22.69
3,2,21.87
3,3,20.74
3,4,19.4
3,5,18.01
3,6,16.75
3,7,15.78
3,8,15.26
4,0,22.09
4,1,21.63
4,2,20.75
4,3,19.54
4,4,18.09
4,5,16.59
4,6,15.21
4,7,14.15
4,8,13.57
5,0,21.08
5,1,20.59
5,2,19.65
5,3,18.33
5,4,16.77
5,5,15.13
5,6,13.61
5,7,12.45
5,8,11.81
6,0,20.2
6,1,19.69
6,2,18.68
6,3,17.27
6,4,15.59
6,5,13.81
6,6,12.16
6,7,10.89
6,8,10.19
7,0,19.57
7,1,19.02
7,2,17.97
7,3,16.48
7,4,14.7
7,5,12.81
7,6,11.06
7,7,9.7
7,8,8.95
8,0,19.23
8,1,18.67
8,2,17.59
8,3,16.06
8,4,14.23
8,5,12.28
8,6,10.46
8,7,9.05
8,8,8.28

Timestep: 45 s
0,0,25.03
0,1,24.66
0,2,23.93
0,3,22.94
0,4,21.77
0,5,20.58
0,6,19.5
0,7,18.69
0,8,18.25
1,0,24.66
1,1,24.28
1,2,23.54
1,3,22.52
1,4,21.33
1,5,20.11
1,6,19.0
1,7,18.17
1,8,17.72
2,0,23.97
2,1,23.57
2,2,22.8
2,3,21.74
2,4,20.5
2,5,19.22
2,6,18.06
2,7,17.18
2,8,16.7
3,0,23.05
3,1,22.63
3,2,21.82
3,3,20.7
3,4,19.37
3,5,18.0
3,6,16.76
3,7,15.81
3,8,15.29
4,0,22.03
4,1,21.58
4,2,20.72
4,3,19.51
4,4,18.08
4,5,16.6
4,6,15.24
4,7,14.2
4,8,13.63
5,0,21.04
5,1,20.55
5,2,19.62
5,3,18.32
5,4,16.78
5,5,15.16
5,6,13.67
5,7,12.52
5,8,11.9
6,0,20.17
6,1,19.66
6,2,18.67
6,3,17.27
6,4,15.61
6,5,13.86
6,6,12.25
6,7,11.0
6,8,10.32
7,0,19.54
7,1,19.0
7,2,17.96
7,3,16.49
7,4,14.74
7,5,12.88
7,6,11.16
7,7,9.83
7,8,9.1
8,0,19.2
8,1,18.65
8,2,17.58
8,3,16.07
8,4,14.27
8,5,12.35
8,6,10.58
8,7,9.2
8,8,8.44
0,0,24.95
0,1,24.57
0,2,23.86
0,3,22.87
0,4,21.72
0,5,20.54
0,6,19.47
0,7,18.67
0,8,18.24
1,0,24.58
1,1,24.2
1,2,23.47
1,3,22.46
1,4,21.28
1,5,20.07
1,6,18.98
1,7,18.16
1,8,17.71
2,0,23.9
2,1,23.5
2,2,22.74
2,3,21.69
2,4,20.46
2,5,19.19
2,6,18.05
2,7,17.18
2,8,16.71
3,0,22.99
3,1,22.57
3,2,21.77
3,3,20.66
3,4,19.35
3,5,18.0
3,6,16.77
3,7,15.83
3,8,15.32
4,0,21.99
4,1,21.54
4,2,20.68
4,3,19.48
4,4,18.07
4,5,16.61
4,6,15.27
4,7,14.24
4,8,13.69
5,0,21.0
5,1,20.52
5,2,19.6
5,3,18.31
5,4,16.79
5,5,15.19
5,6,13.73
5,7,12.6
5,8,11.99
6,0,20.14
6,1,19.63
6,2,18.65
6,3,17.27
6,4,15.64
6,5,13.91
6,6,12.33
6,7,11.11
6,8,10.44
7,0,19.51
7,1,18.98
7,2,17.95
7,3,16.5
7,4,14.77
7,5,12.95
7,6,11.27
7,7,9.96
7,8,9.25
8,0,19.18
8,1,18.63
8,2,17.57
8,3,16.09
8,4,14.31
8,5,12.43
8,6,10.69
8,7,9.34
8,8,8.61
0,0,24.86
0,1,24.49
0,2,23.78
0,3,22.8
0,4,21.66
0,5,20.5
0,6,19.45
0,7,18.66
0,8,18.23
1,0,24.5
1,1,24.12
1,2,23.4
1,3,22.4
1,4,21.23
1,5,20.04
1,6,18.96
1,7,18.15
1,8,17.71
2,0,23.83
2,1,23.43
2,2,22.68
2,3,21.64
2,4,20.42
2,5,19.17
2,6,18.04
2,7,17.18
2,8,16.72
3,0,22.93
3,1,22.52
3,2,21.72
3,3,20.62
3,4,19.33
3,5,17.99
3,6,16.78
3,7,15.85
3,8,15.35
4,0,21.94
4,1,21.49
4,2,20.64
4,3,19.46
4,4,18.07
4,5,16.62
4,6,15.3
4,7,14.29
4,8,13.74
5,0,20.96
5,1,20.48
5,2,19.57
5,3,18.3
5,4,16.79
5,5,15.22
5,6,13.78
5,7,12.68
5,8,12.08
6,0,20.11
6,1,19.6
6,2,18.63
6,3,17.27
6,4,15.66
6,5,13.97
6,6,12.41
6,7,11.21
6,8,10.56
7,0,19.48
7,1,18.95
7,2,17.94
7,3,16.51
7,4,14.81
7,5,13.02
7,6,11.37
7,7,10.09
7,8,9.39
8,0,19.15
8,1,18.61
8,2,17.57
8,3,16.1
8,4,14.35
8,5,12.51
8,6,10.8
8,7,9.48
8,8,8.76
0,0,24.78
0,1,24.41
0,2,23.7
0,3,22.74
0,4,21.61
0,5,20.46
0,6,19.42
0,7,18.64
0,8,18.22
1,0,24.42
1,1,24.04
1,2,23.33
1,3,22.34
1,4,21.19
1,5,20.01
1,6,18.94
1,7,18.14
1,8,17.71
2,0,23.75
2,1,23.36
2,2,22.62
2,3,21.59
2,4,20.39
2,5,19.15
2,6,18.03
2,7,17.19
2,8,16.73
3,0,22.87
3,1,22.46
3,2,21.67
3,3,20.58
3,4,19.3
3,5,17.98
3,6,16.78
3,7,15.87
3,8,15.38
4,0,21.89
4,1,21.45
4,2,20.6
4,3,19.43
4,4,18.06
4,5,16.63
4,6,15.33
4,7,14.34
4,8,13.8
5,0,20.92
5,1,20.45
5,2,19.54
5,3,18.29
5,4,16.8
5,5,15.25
5,6,13.84
5,7,12.75
5,8,12.16
6,0,20.07
6,1,19.57
6,2,18.61
6,3,17.27
6,4,15.68
6,5,14.02
6,6,12.49
6,7,11.31
6,8,10.67
7,0,19.46
7,1,18.93
7,2,17.93
7,3,16.52
7,4,14.84
7,5,13.08
7,6,11.46
7,7,10.22
7,8,9.54
8,0,19.13
8,1,18.59
8,2,17.56
8,3,16.12
8,4,14.39
8,5,12.58
8,6,10.91
8,7,9.62
8,8,8.92
0,0,24.69
0,1,24.33
0,2,23.63
0,3,22.67
0,4,21.56
0,5,20.42
0,6,19.4
0,7,18.62
0,8,18.21
1,0,24.34
1,1,23.97
1,2,23.26
1,3,22.28
1,4,21.14
1,5,19.97
1,6,18.92
1,7,18.13
1,8,17.7
2,0,23.68
2,1,23.3
2,2,22.56
2,3,21.54
2,4,20.35
2,5,19.13
2,6,18.03
2,7,17.19
2,8,16.74
3,0,22.81
3,1,22.4
3,2,21.62
3,3,20.54
3,4,19.28
3,5,17.97
3,6,16.79
3,7,15.9
3,8,15.41
4,0,21.84
4,1,21.4
4,2,20.57
4,3,19.41
4,4,18.05
4,5,16.64
4,6,15.36
4,7,14.38
4,8,13.86
5,0,20.88
5,1,20.41
5,2,19.52
5,3,18.28
5,4,16.81
5,5,15.28
5,6,13.89
5,7,12.83
5,8,12.25
6,0,20.04
6,1,19.55
6,2,18.6
6,3,17.28
6,4,15.71
6,5,14.07
6,6,12.57
6,7,11.41
6,8,10.79
7,0,19.43
7,1,18.91
7,2,17.92
7,3,16.53
7,4,14.88
7,5,13.15
7,6,11.56
7,7,10.34
7,8,9.67
8,0,19.1
8,1,18.57
8,2,17.56
8,3,16.13
8,4,14.44
8,5,12.66
8,6,11.02
8,7,9.76
8,8,9.07

Timestep: 50 s
0,0,24.61
0,1,24.25
0,2,23.56
0,3,22.61
0,4,21.51
0,5,20.38
0,6,19.37
0,7,18.61
0,8,18.2
1,0,24.26
1,1,23.89
1,2,23.19
1,3,22.22
1,4,21.09
1,5,19.94
1,6,18.9
1,7,18.12
1,8,17.7
2,0,23.61
2,1,23.23
2,2,22.5
2,3,21.49
2,4,20.31
2,5,19.11
2,6,18.02
2,7,17.19
2,8,16.75
3,0,22.75
3,1,22.35
3,2,21.57
3,3,20.51
3,4,19.26
3,5,17.97
3,6,16.8
3,7,15.92
3,8,15.44
4,0,21.79
4,1,21.36
4,2,20.53
4,3,19.39
4,4,18.04
4,5,16.65
4,6,15.39
4,7,14.43
4,8,13.91
5,0,20.84
5,1,20.38
5,2,19.49
5,3,18.27
5,4,16.82
5,5,15.32
5,6,13.95
5,7,12.9
5,8,12.33
6,0,20.01
6,1,19.52
6,2,18.58
6,3,17.28
6,4,15.73
6,5,14.12
6,6,12.64
6,7,11.51
6,8,10.9
7,0,19.4
7,1,18.89
7,2,17.91
7,3,16.54
7,4,14.91
7,5,13.22
7,6,11.66
7,7,10.46
7,8,9.81
8,0,19.08
8,1,18.56
8,2,17.55
8,3,16.15
8,4,14.48
8,5,12.73
8,6,11.12
8,7,9.89
8,8,9.22
0,0,24.53
0,1,24.17
0,2,23.49
0,3,22.55
0,4,21.46
0,5,20.34
0,6,19.35
0,7,18.59
0,8,18.19
1,0,24.19
1,1,23.82
1,2,23.12
1,3,22.16
1,4,21.05
1,5,19.91
1,6,18.88
1,7,18.11
1,8,17.7
2,0,23.55
2,1,23.16
2,2,22.44
2,3,21.44
2,4,20.28
2,5,19.08
2,6,18.01
2,7,17.2
2,8,16.76
3,0,22.69
3,1,22.29
3,2,21.53
3,3,20.47
3,4,19.23
3,5,17.96
3,6,16.81
3,7,15.94
3,8,15.47
4,0,21.74
4,1,21.31
4,2,20.49
4,3,19.36
4,4,18.04
4,5,16.67
4,6,15.42
4,7,14.48
4,8,13.97
5,0,20.8
5,1,20.34
5,2,19.47
5,3,18.26
5,4,16.83
5,5,15.35
5,6,14.0
5,7,12.97
5,8,12.41
6,0,19.98
6,1,19.5
6,2,18.57
6,3,17.28
6,4,15.75
6,5,14.17
6,6,12.72
6,7,11.61
6,8,11.01
7,0,19.38
7,1,18.87
7,2,17.9
7,3,16.55
7,4,14.95
7,5,13.28
7,6,11.75
7,7,10.58
7,8,9.94
8,0,19.06
8,1,18.54
8,2,17.55
8,3,16.16
8,4,14.52
8,5,12.8
8,6,11.23
8,7,10.02
8,8,9.36
0,0,24.45
0,1,24.09
0,2,23.41
0,3,22.49
0,4,21.41
0,5,20.31
0,6,19.32
0,7,18.58
0,8,18.18
1,0,24.11
1,1,23.75
1,2,23.05
1,3,22.11
1,4,21.0
1,5,19.88
1,6,18.87
1,7,18.1
1,8,17.69
2,0,23.48
2,1,23.1
2,2,22.38
2,3,21.39
2,4,20.24
2,5,19.06
2,6,18.0
2,7,17.2
2,8,16.77
3,0,22.64
3,1,22.24
3,2,21.48
3,3,20.43
3,4,19.21
3,5,17.96
3,6,16.82
3,7,15.96
3,8,15.5
4,0,21.69
4,1,21.27
4,2,20.46
4,3,19.34
4,4,18.03
4,5,16.68
4,6,15.45
4,7,14.52
4,8,14.02
5,0,20.76
5,1,20.31
5,2,19.44
5,3,18.25
5,4,16.84
5,5,15.38
5,6,14.05
5,7,13.04
5,8,12.49
6,0,19.95
6,1,19.47
6,2,18.55
6,3,17.28
6,4,15.78
6,5,14.22
6,6,12.79
6,7,11.71
6,8,11.12
7,0,19.35
7,1,18.85
7,2,17.89
7,3,16.56
7,4,14.99
7,5,13.34
7,6,11.84
7,7,10.69
7,8,10.07
8,0,19.03
8,1,18.52
8,2,17.54
8,3,16.18
8,4,14.56
8,5,12.87
8,6,11.33
8,7,10.15
8,8,9.5
0,0,24.37
0,1,24.01
0,2,23.34
0,3,22.42
0,4,21.36
0,5,20.27
0,6,19.3
0,7,18.56
0,8,18.17
1,0,24.03
1,1,23.67
1,2,22.99
1,3,22.05
1,4,20.96
1,5,19.85
1,6,18.85
1,7,18.09
1,8,17.69
2,0,23.41
2,1,23.04
2,2,22.32
2,3,21.35
2,4,20.21
2,5,19.04
2,6,18.0
2,7,17.21
2,8,16.78
3,0,22.58
3,1,22.18
3,2,21.43
3,3,20.4
3,4,19.19
3,5,17.95
3,6,16.83
3,7,15.99
3,8,15.53
4,0,21.64
4,1,21.22
4,2,20.42
4,3,19.32
4,4,18.03
4,5,16.69
4,6,15.48
4,7,14.57
4,8,14.07
5,0,20.72
5,1,20.27
5,2,19.42
5,3,18.24
5,4,16.85
5,5,15.41
5,6,14.11
5,7,13.11
5,8,12.57
6,0,19.92
6,1,19.44
6,2,18.54
6,3,17.28
6,4,15.8
6,5,14.27
6,6,12.87
6,7,11.8
6,8,11.22
7,0,19.33
7,1,18.83
7,2,17.89
7,3,16.57
7,4,15.02
7,5,13.41
7,6,11.93
7,7,10.81
7,8,10.2
8,0,19.01
8,1,18.51
8,2,17.54
8,3,16.19
8,4,14.6
8,5,12.94
8,6,11.43
8,7,10.27
8,8,9.64
0,0,24.29
0,1,23.94
0,2,23.27
0,3,22.36
0,4,21.31
0,5,20.24
0,6,19.27
0,7,18.55
0,8,18.16
1,0,23.96
1,1,23.6
1,2,22.92
1,3,21.99
1,4,20.92
1,5,19.82
1,6,18.83
1,7,18.09
1,8,17.69
2,0,23.34
2,1,22.97
2,2,22.27
2,3,21.3
2,4,20.18
2,5,19.02
2,6,17.99
2,7,17.21
2,8,16.79
3,0,22.52
3,1,22.13
3,2,21.39
3,3,20.36
3,4,19.17
3,5,17.95
3,6,16.84
3,7,16.01
3,8,15.56
4,0,21.6
4,1,21.18
4,2,20.39
4,3,19.3
4,4,18.02
4,5,16.7
4,6,15.51
4,7,14.61
4,8,14.12
5,0,20.68
5,1,20.24
5,2,19.4
5,3,18.23
5,4,16.86
5,5,15.44
5,6,14.16
5,7,13.18
5,8,12.65
6,0,19.89
6,1,19.42
6,2,18.52
6,3,17.29
6,4,15.83
6,5,14.32
6,6,12.94
6,7,11.89
6,8,11.33
7,0,19.3
7,1,18.81
7,2,17.88
7,3,16.58
7,4,15.05
7,5,13.47
7,6,12.02
7,7,10.92
7,8,10.32
8,0,18.99
8,1,18.49
8,2,17.54
8,3,16.21
8,4,14.64
8,5,13.01
8,6,11.53
8,7,10.39
8,8,9.78

Timestep: 55 s
0,0,24.21
0,1,23.86
0,2,23.21
0,3,22.31
0,4,21.26
0,5,20.2
0,6,19.25
0,7,18.53
0,8,18.15
1,0,23.88
1,1,23.53
1,2,22.86
1,3,21.94
1,4,20.87
1,5,19.79
1,6,18.81
1,7,18.08
1,8,17.68
2,0,23.28
2,1,22.91
2,2,22.21
2,3,21.25
2,4,20.14
2,5,19.0
2,6,17.98
2,7,17.21
2,8,16.8
3,0,22.46
3,1,22.08
3,2,21.34
3,3,20.33
3,4,19.15
3,5,17.94
3,6,16.85
3,7,16.03
3,8,15.59
4,0,21.55
4,1,21.14
4,2,20.36
4,3,19.28
4,4,18.01
4,5,16.72
4,6,15.54
4,7,14.66
4,8,14.18
5,0,20.65
5,1,20.21
5,2,19.37
5,3,18.22
5,4,16.87
5,5,15.47
5,6,14.21
5,7,13.25
5,8,12.73
6,0,19.86
6,1,19.4
6,2,18.51
6,3,17.29
6,4,15.85
6,5,14.36
6,6,13.01
6,7,11.98
6,8,11.43
7,0,19.28
7,1,18.79
7,2,17.87
7,3,16.59
7,4,15.09
7,5,13.53
7,6,12.11
7,7,11.03
7,8,10.44
8,0,18.97
8,1,18.48
8,2,17.53
8,3,16.22
8,4,14.68
8,5,13.08
8,6,11.63
8,7,10.51
8,8,9.91
0,0,24.13
0,1,23.79
0,2,23.14
0,3,22.25
0,4,21.22
0,5,20.17
0,6,19.23
0,7,18.52
0,8,18.14
1,0,23.81
1,1,23.46
1,2,22.8
1,3,21.89
1,4,20.83
1,5,19.76
1,6,18.79
1,7,18.07
1,8,17.68
2,0,23.21
2,1,22.85
2,2,22.16
2,3,21.21
2,4,20.11
2,5,18.99
2,6,17.98
2,7,17.22
2,8,16.81
3,0,22.41
3,1,22.02
3,2,21.3
3,3,20.29
3,4,19.13
3,5,17.94
3,6,16.86
3,7,16.05
3,8,15.62
4,0,21.5
4,1,21.1
4,2,20.32
4,3,19.25
4,4,18.01
4,5,16.73
4,6,15.57
4,7,14.7
4,8,14.23
5,0,20.61
5,1,20.18
5,2,19.35
5,3,18.21
5,4,16.88
5,5,15.5
5,6,14.26
5,7,13.32
5,8,12.81
6,0,19.83
6,1,19.37
6,2,18.5
6,3,17.29
6,4,15.87
6,5,14.41
6,6,13.08
6,7,12.07
6,8,11.53
7,0,19.25
7,1,18.78
7,2,17.87
7,3,16.61
7,4,15.12
7,5,13.59
7,6,12.2
7,7,11.14
7,8,10.56
8,0,18.95
8,1,18.46
8,2,17.53
8,3,16.24
8,4,14.72
8,5,13.15
8,6,11.72
8,7,10.63
8,8,10.04
0,0,24.06
0,1,23.72
0,2,23.07
0,3,22.19
0,4,21.17
0,5,20.13
0,6,19.2
0,7,18.5
0,8,18.13
1,0,23.74
1,1,23.39
1,2,22.73
1,3,21.83
1,4,20.79
1,5,19.73
1,6,18.78
1,7,18.06
1,8,17.68
2,0,23.14
2,1,22.78
2,2,22.1
2,3,21.16
2,4,20.08
2,5,18.97
2,6,17.97
2,7,17.22
2,8,16.82
3,0,22.35
3,1,21.97
3,2,21.25
3,3,20.26
3,4,19.11
3,5,17.93
3,6,16.87
3,7,16.07
3,8,15.64
4,0,21.46
4,1,21.06
4,2,20.29
4,3,19.23
4,4,18.0
4,5,16.74
4,6,15.6
4,7,14.74
4,8,14.28
5,0,20.57
5,1,20.14
5,2,19.33
5,3,18.2
5,4,16.89
5,5,15.53
5,6,14.31
5,7,13.38
5,8,12.88
6,0,19.8
6,1,19.35
6,2,18.48
6,3,17.29
6,4,15.9
6,5,14.46
6,6,13.15
6,7,12.16
6,8,11.63
7,0,19.23
7,1,18.76
7,2,17.86
7,3,16.62
7,4,15.16
7,5,13.65
7,6,12.28
7,7,11.24
7,8,10.68
8,0,18.93
8,1,18.45
8,2,17.53
8,3,16.26
8,4,14.76
8,5,13.22
8,6,11.82
8,7,10.75
8,8,10.17
0,0,23.98
0,1,23.64
0,2,23.0
0,3,22.13
0,4,21.12
0,5,20.1
0,6,19.18
0,7,18.49
0,8,18.12
1,0,23.67
1,1,23.32
1,2,22.67
1,3,21.78
1,4,20.75
1,5,19.7
1,6,18.76
1,7,18.05
1,8,17.68
2,0,23.08
2,1,22.72
2,2,22.05
2,3,21.12
2,4,20.05
2,5,18.95
2,6,17.97
2,7,17.23
2,8,16.83
3,0,22.3
3,1,21.92
3,2,21.21
3,3,20.23
3,4,19.09
3,5,17.93
3,6,16.88
3,7,16.1
3,8,15.67
4,0,21.41
4,1,21.01
4,2,20.26
4,3,19.21
4,4,18.0
4,5,16.75
4,6,15.63
4,7,14.78
4,8,14.33
5,0,20.54
5,1,20.11
5,2,19.31
5,3,18.2
5,4,16.9
5,5,15.56
5,6,14.36
5,7,13.45
5,8,12.96
6,0,19.77
6,1,19.32
6,2,18.47
6,3,17.3
6,4,15.92
6,5,14.5
6,6,13.22
6,7,12.25
6,8,11.72
7,0,19.21
7,1,18.74
7,2,17.85
7,3,16.63
7,4,15.19
7,5,13.71
7,6,12.37
7,7,11.35
7,8,10.79
8,0,18.91
8,1,18.43
8,2,17.52
8,3,16.27
8,4,14.8
8,5,13.28
8,6,11.91
8,7,10.86
8,8,10.29
0,0,23.91
0,1,23.57
0,2,22.94
0,3,22.08
0,4,21.08
0,5,20.06
0,6,19.16
0,7,18.48
0,8,18.11
1,0,23.6
1,1,23.26
1,2,22.61
1,3,21.73
1,4,20.71
1,5,19.67
1,6,18.74
1,7,18.05
1,8,17.67
2,0,23.02
2,1,22.66
2,2,21.99
2,3,21.08
2,4,20.01
2,5,18.93
2,6,17.96
2,7,17.23
2,8,16.84
3,0,22.24
3,1,21.87
3,2,21.16
3,3,20.2
3,4,19.07
3,5,17.92
3,6,16.89
3,7,16.12
3,8,15.7
4,0,21.37
4,1,20.97
4,2,20.22
4,3,19.19
4,4,17.99
4,5,16.77
4,6,15.66
4,7,14.83
4,8,14.38
5,0,20.5
5,1,20.08
5,2,19.28
5,3,18.19
5,4,16.91
5,5,15.59
5,6,14.41
5,7,13.51
5,8,13.03
6,0,19.74
6,1,19.3
6,2,18.46
6,3,17.3
6,4,15.95
6,5,14.55
6,6,13.29
6,7,12.34
6,8,11.82
7,0,19.18
7,1,18.72
7,2,17.85
7,3,16.64
7,4,15.23
7,5,13.77
7,6,12.45
7,7,11.45
7,8,10.91
8,0,18.89
8,1,18.42
8,2,17.52
8,3,16.29
8,4,14.84
8,5,13.35
8,6,12.0
8,7,10.97
8,8,10.42

Timestep: 60 s
0,0,23.83
0,1,23.5
0,2,22.87
0,3,22.02
0,4,21.03
0,5,20.03
0,6,19.14
0,7,18.46
0,8,18.1
1,0,23.53
1,1,23.19
1,2,22.55
1,3,21.68
1,4,20.67
1,5,19.64
1,6,18.73
1,7,18.04
1,8,17.67
2,0,22.95
2,1,22.6
2,2,21.94
2,3,21.03
2,4,19.98
2,5,18.91
2,6,17.96
2,7,17.24
2,8,16.85
3,0,22.19
3,1,21.82
3,2,21.12
3,3,20.16
3,4,19.05
3,5,17.92
3,6,16.9
3,7,16.14
3,8,15.73
4,0,21.32
4,1,20.93
4,2,20.19
4,3,19.17
4,4,17.99
4,5,16.78
4,6,15.69
4,7,14.87
4,8,14.43
5,0,20.46
5,1,20.05
5,2,19.26
5,3,18.18
5,4,16.92
5,5,15.62
5,6,14.46
5,7,13.58
5,8,13.1
6,0,19.71
6,1,19.28
6,2,18.45
6,3,17.3
6,4,15.97
6,5,14.6
6,6,13.36
6,7,12.42
6,8,11.91
7,0,19.16
7,1,18.71
7,2,17.84
7,3,16.65
7,4,15.26
7,5,13.83
7,6,12.53
7,7,11.55
7,8,11.02
8,0,18.87
8,1,18.4
8,2,17.52
8,3,16.3
8,4,14.88
8,5,13.41
8,6,12.09
8,7,11.08
8,8,10.54
0,0,23.76
0,1,23.43
0,2,22.81
0,3,21.97
0,4,20.99
0,5,20.0
0,6,19.12
0,7,18.45
0,8,18.1
1,0,23.46
1,1,23.12
1,2,22.49
1,3,21.63
1,4,20.63
1,5,19.62
1,6,18.71
1,7,18.03
1,8,17.67
2,0,22.89
2,1,22.54
2,2,21.89
2,3,20.99
2,4,19.95
2,5,18.9
2,6,17.95
2,7,17.24
2,8,16.86
3,0,22.13
3,1,21.77
3,2,21.08
3,3,20.13
3,4,19.04
3,5,17.92
3,6,16.91
3,7,16.16
3,8,15.75
4,0,21.28
4,1,20.89
4,2,20.16
4,3,19.15
4,4,17.99
4,5,16.79
4,6,15.72
4,7,14.91
4,8,14.47
5,0,20.43
5,1,20.02
5,2,19.24
5,3,18.17
5,4,16.93
5,5,15.65
5,6,14.51
5,7,13.64
5,8,13.17
6,0,19.69
6,1,19.26
6,2,18.44
6,3,17.31
6,4,15.99
6,5,14.64
6,6,13.42
6,7,12.5
6,8,12.0
7,0,19.14
7,1,18.69
7,2,17.84
7,3,16.66
7,4,15.29
7,5,13.88
7,6,12.61
7,7,11.65
7,8,11.13
8,0,18.85
8,1,18.39
8,2,17.52
8,3,16.32
8,4,14.92
8,5,13.48
8,6,12.18
8,7,11.19
8,8,10.65
0,0,23.69
0,1,23.36
0,2,22.75
0,3,21.91
0,4,20.95
0,5,19.97
0,6,19.09
0,7,18.44
0,8,18.09
1,0,23.39
1,1,23.06
1,2,22.43
1,3,21.58
1,4,20.59
1,5,19.59
1,6,18.7
1,7,18.03
1,8,17.67
2,0,22.83
2,1,22.49
2,2,21.84
2,3,20.95
2,4,19.92
2,5,18.88
2,6,17.95
2,7,17.25
2,8,16.87
3,0,22.08
3,1,21.72
3,2,21.04
3,3,20.1
3,4,19.02
3,5,17.91
3,6,16.92
3,7,16.18
3,8,15.78
4,0,21.23
4,1,20.85
4,2,20.13
4,3,19.13
4,4,17.98
4,5,16.8
4,6,15.75
4,7,14.95
4,8,14.52
5,0,20.39
5,1,19.99
5,2,19.22
5,3,18.17
5,4,16.94
5,5,15.68
5,6,14.55
5,7,13.7
5,8,13.24
6,0,19.66
6,1,19.23
6,2,18.42
6,3,17.31
6,4,16.02
6,5,14.69
6,6,13.49
6,7,12.58
6,8,12.09
7,0,19.12
7,1,18.67
7,2,17.83
7,3,16.68
7,4,15.33
7,5,13.94
7,6,12.69
7,7,11.74
7,8,11.23
8,0,18.83
8,1,18.38
8,2,17.52
8,3,16.34
8,4,14.96
8,5,13.54
8,6,12.26
8,7,11.29
8,8,10.77
0,0,23.61
0,1,23.29
0,2,22.69
0,3,21.86
0,4,20.9
0,5,19.94
0,6,19.07
0,7,18.43
0,8,18.08
1,0,23.32
1,1,22.99
1,2,22.37
1,3,21.53
1,4,20.55
1,5,19.56
1,6,18.68
1,7,18.02
1,8,17.66
2,0,22.77
2,1,22.43
2,2,21.79
2,3,20.91
2,4,19.89
2,5,18.86
2,6,17.94
2,7,17.25
2,8,16.88
3,0,22.03
3,1,21.67
3,2,20.99
3,3,20.07
3,4,19.0
3,5,17.91
3,6,16.94
3,7,16.2
3,8,15.81
4,0,21.19
4,1,20.81
4,2,20.1
4,3,19.12
4,4,17.98
4,5,16.82
4,6,15.78
4,7,14.99
4,8,14.57
5,0,20.36
5,1,19.96
5,2,19.2
5,3,18.16
5,4,16.95
5,5,15.71
5,6,14.6
5,7,13.76
5,8,13.31
6,0,19.63
6,1,19.21
6,2,18.41
6,3,17.32
6,4,16.04
6,5,14.73
6,6,13.55
6,7,12.66
6,8,12.18
7,0,19.09
7,1,18.66
7,2,17.83
7,3,16.69
7,4,15.36
7,5,14.0
7,6,12.77
7,7,11.84
7,8,11.34
8,0,18.81
8,1,18.36
8,2,17.52
8,3,16.35
8,4,15.0
8,5,13.6
8,6,12.35
8,7,11.4
8,8,10.88
0,0,23.54
0,1,23.22
0,2,22.62
0,3,21.81
0,4,20.86
0,5,19.91
0,6,19.05
0,7,18.41
0,8,18.07
1,0,23.25
1,1,22.93
1,2,22.32
1,3,21.48
1,4,20.52
1,5,19.54
1,6,18.67
1,7,18.01
1,8,17.66
2,0,22.71
2,1,22.37
2,2,21.73
2,3,20.87
2,4,19.87
2,5,18.85
2,6,17.94
2,7,17.25
2,8,16.89
3,0,21.97
3,1,21.62
3,2,20.95
3,3,20.04
3,4,18.98
3,5,17.91
3,6,16.95
3,7,16.22
3,8,15.83
4,0,21.15
4,1,20.78
4,2,20.07
4,3,19.1
4,4,17.98
4,5,16.83
4,6,15.8
4,7,15.03
4,8,14.61
5,0,20.33
5,1,19.93
5,2,19.18
5,3,18.15
5,4,16.96
5,5,15.74
5,6,14.65
5,7,13.82
5,8,13.38
6,0,19.61
6,1,19.19
6,2,18.4
6,3,17.32
6,4,16.06
6,5,14.77
6,6,13.62
6,7,12.74
6,8,12.27
7,0,19.07
7,1,18.64
7,2,17.82
7,3,16.7
7,4,15.39
7,5,14.05
7,6,12.84
7,7,11.93
7,8,11.44
8,0,18.79
8,1,18.35
8,2,17.52
8,3,16.37
8,4,15.03
8,5,13.66
8,6,12.43
8,7,11.5
8,8,10.99

Timestep: 65 s
0,0,23.47
0,1,23.16
0,2,22.56
0,3,21.75
0,4,20.82
0,5,19.88
0,6,19.03
0,7,18.4
0,8,18.06
1,0,23.18
1,1,22.86
1,2,22.26
1,3,21.43
1,4,20.48
1,5,19.51
1,6,18.65
1,7,18.01
1,8,17.66
2,0,22.65
2,1,22.31
2,2,21.68
2,3,20.83
2,4,19.84
2,5,18.83
2,6,17.93
2,7,17.26
2,8,16.9
3,0,21.92
3,1,21.57
3,2,20.91
3,3,20.01
3,4,18.97
3,5,17.9
3,6,16.96
3,7,16.24
3,8,15.86
4,0,21.11
4,1,20.74
4,2,20.04
4,3,19.08
4,4,17.97
4,5,16.84
4,6,15.83
4,7,15.07
4,8,14.66
5,0,20.29
5,1,19.9
5,2,19.16
5,3,18.15
5,4,16.97
5,5,15.77
5,6,14.69
5,7,13.88
5,8,13.44
6,0,19.58
6,1,19.17
6,2,18.39
6,3,17.32
6,4,16.09
6,5,14.82
6,6,13.68
6,7,12.82
6,8,12.36
7,0,19.05
7,1,18.63
7,2,17.82
7,3,16.71
7,4,15.42
7,5,14.1
7,6,12.92
7,7,12.02
7,8,11.54
8,0,18.77
8,1,18.34
8,2,17.52
8,3,16.39
8,4,15.07
8,5,13.72
8,6,12.51
8,7,11.6
8,8,11.1
0,0,23.4
0,1,23.09
0,2,22.5
0,3,21.7
0,4,20.78
0,5,19.85
0,6,19.01
0,7,18.39
0,8,18.06
1,0,23.12
1,1,22.8
1,2,22.2
1,3,21.38
1,4,20.44
1,5,19.49
1,6,18.64
1,7,18.0
1,8,17.66
2,0,22.59
2,1,22.26
2,2,21.64
2,3,20.79
2,4,19.81
2,5,18.82
2,6,17.93
2,7,17.26
2,8,16.91
3,0,21.87
3,1,21.53
3,2,20.87
3,3,19.98
3,4,18.95
3,5,17.9
3,6,16.97
3,7,16.26
3,8,15.88
4,0,21.06
4,1,20.7
4,2,20.01
4,3,19.06
4,4,17.97
4,5,16.85
4,6,15.86
4,7,15.11
4,8,14.71
5,0,20.26
5,1,19.87
5,2,19.14
5,3,18.14
5,4,16.98
5,5,15.8
5,6,14.74
5,7,13.94
5,8,13.51
6,0,19.55
6,1,19.15
6,2,18.38
6,3,17.33
6,4,16.11
6,5,14.86
6,6,13.74
6,7,12.9
6,8,12.44
7,0,19.03
7,1,18.61
7,2,17.82
7,3,16.72
7,4,15.46
7,5,14.16
7,6,12.99
7,7,12.11
7,8,11.64
8,0,18.76
8,1,18.33
8,2,17.52
8,3,16.4
8,4,15.11
8,5,13.78
8,6,12.59
8,7,11.69
8,8,11.21
0,0,23.33
0,1,23.03
0,2,22.44
0,3,21.65
0,4,20.74
0,5,19.82
0,6,19.0
0,7,18.38
0,8,18.05
1,0,23.05
1,1,22.74
1,2,22.15
1,3,21.34
1,4,20.41
1,5,19.46
1,6,18.63
1,7,18.0
1,8,17.66
2,0,22.53
2,1,22.2
2,2,21.59
2,3,20.75
2,4,19.78
2,5,18.8
2,6,17.93
2,7,17.27
2,8,16.92
3,0,21.82
3,1,21.48
3,2,20.83
3,3,19.95
3,4,18.93
3,5,17.9
3,6,16.98
3,7,16.28
3,8,15.91
4,0,21.02
4,1,20.66
4,2,19.98
4,3,19.04
4,4,17.97
4,5,16.87
4,6,15.88
4,7,15.15
4,8,14.75
5,0,20.23
5,1,19.85
5,2,19.12
5,3,18.14
5,4,16.99
5,5,15.83
5,6,14.78
5,7,13.99
5,8,13.57
6,0,19.53
6,1,19.13
6,2,18.37
6,3,17.33
6,4,16.13
6,5,14.9
6,6,13.8
6,7,12.97
6,8,12.52
7,0,19.01
7,1,18.6
7,2,17.81
7,3,16.74
7,4,15.49
7,5,14.21
7,6,13.07
7,7,12.2
7,8,11.74
8,0,18.74
8,1,18.32
8,2,17.52
8,3,16.42
8,4,15.15
8,5,13.84
8,6,12.67
8,7,11.79
8,8,11.32
0,0,23.27
0,1,22.96
0,2,22.39
0,3,21.6
0,4,20.7
0,5,19.79
0,6,18.98
0,7,18.37
0,8,18.04
1,0,22.99
1,1,22.68
1,2,22.09
1,3,21.29
1,4,20.37
1,5,19.44
1,6,18.61
1,7,17.99
1,8,17.66
2,0,22.47
2,1,22.15
2,2,21.54
2,3,20.71
2,4,19.75
2,5,18.79
2,6,17.92
2,7,17.27
2,8,16.93
3,0,21.77
3,1,21.43
3,2,20.79
3,3,19.92
3,4,18.92
3,5,17.9
3,6,16.99
3,7,16.3
3,8,15.94
4,0,20.98
4,1,20.62
4,2,19.95
4,3,19.03
4,4,17.96
4,5,16.88
4,6,15.91
4,7,15.18
4,8,14.79
5,0,20.19
5,1,19.82
5,2,19.1
5,3,18.13
5,4,17.0
5,5,15.85
5,6,14.83
5,7,14.05
5,8,13.64
6,0,19.5
6,1,19.11
6,2,18.36
6,3,17.34
6,4,16.15
6,5,14.94
6,6,13.86
6,7,13.04
6,8,12.61
7,0,18.99
7,1,18.58
7,2,17.81
7,3,16.75
7,4,15.52
7,5,14.26
7,6,13.14
7,7,12.29
7,8,11.83
8,0,18.72
8,1,18.31
8,2,17.52
8,3,16.44
8,4,15.18
8,5,13.9
8,6,12.75
8,7,11.88
8,8,11.42
0,0,23.2
0,1,22.9
0,2,22.33
0,3,21.55
0,4,20.66
0,5,19.76
0,6,18.96
0,7,18.36
0,8,18.04
1,0,22.93
1,1,22.62
1,2,22.04
1,3,21.25
1,4,20.34
1,5,19.42
1,6,18.6
1,7,17.98
1,8,17.66
2,0,22.41
2,1,22.09
2,2,21.49
2,3,20.67
2,4,19.73
2,5,18.77
2,6,17.92
2,7,17.28
2,8,16.94
3,0,21.72
3,1,21.39
3,2,20.76
3,3,19.9
3,4,18.9
3,5,17.9
3,6,17.0
3,7,16.32
3,8,15.96
4,0,20.94
4,1,20.59
4,2,19.92
4,3,19.01
4,4,17.96
4,5,16.89
4,6,15.94
4,7,15.22
4,8,14.84
5,0,20.16
5,1,19.79
5,2,19.09
5,3,18.12
5,4,17.01
5,5,15.88
5,6,14.87
5,7,14.11
5,8,13.7
6,0,19.48
6,1,19.09
6,2,18.35
6,3,17.34
6,4,16.17
6,5,14.98
6,6,13.92
6,7,13.12
6,8,12.69
7,0,18.97
7,1,18.57
7,2,17.81
7,3,16.76
7,4,15.55
7,5,14.31
7,6,13.21
7,7,12.37
7,8,11.93
8,0,18.7
8,1,18.3
8,2,17.52
8,3,16.45
8,4,15.22
8,5,13.96
8,6,12.83
8,7,11.98
8,8,11.52

Timestep: 70 s
0,0,23.13
0,1,22.83
0,2,22.27
0,3,21.5
0,4,20.62
0,5,19.73
0,6,18.94
0,7,18.35
0,8,18.03
1,0,22.86
1,1,22.56
1,2,21.98
1,3,21.2
1,4,20.3
1,5,19.39
1,6,18.58
1,7,17.98
1,8,17.65
2,0,22.35
2,1,22.04
2,2,21.44
2,3,20.63
2,4,19.7
2,5,18.76
2,6,17.92
2,7,17.28
2,8,16.95
3,0,21.67
3,1,21.34
3,2,20.72
3,3,19.87
3,4,18.89
3,5,17.89
3,6,17.01
3,7,16.34
3,8,15.99
4,0,20.9
4,1,20.55
4,2,19.89
4,3,18.99
4,4,17.96
4,5,16.9
4,6,15.96
4,7,15.26
4,8,14.88
5,0,20.13
5,1,19.76
5,2,19.07
5,3,18.12
5,4,17.02
5,5,15.91
5,6,14.91
5,7,14.16
5,8,13.76
6,0,19.45
6,1,19.07
6,2,18.34
6,3,17.35
6,4,16.2
6,5,15.02
6,6,13.98
6,7,13.19
6,8,12.76
7,0,18.95
7,1,18.56
7,2,17.8
7,3,16.77
7,4,15.58
7,5,14.37
7,6,13.28
7,7,12.46
7,8,12.02
8,0,18.69
8,1,18.28
8,2,17.52
8,3,16.47
8,4,15.25
8,5,14.01
8,6,12.9
8,7,12.07
8,8,11.62
0,0,23.07
0,1,22.77
0,2,22.21
0,3,21.46
0,4,20.59
0,5,19.7
0,6,18.92
0,7,18.34
0,8,18.02
1,0,22.8
1,1,22.5
1,2,21.93
1,3,21.16
1,4,20.27
1,5,19.37
1,6,18.57
1,7,17.97
1,8,17.65
2,0,22.3
2,1,21.99
2,2,21.4
2,3,20.6
2,4,19.68
2,5,18.74
2,6,17.91
2,7,17.29
2,8,16.96
3,0,21.62
3,1,21.3
3,2,20.68
3,3,19.84
3,4,18.87
3,5,17.89
3,6,17.02
3,7,16.36
3,8,16.01
4,0,20.86
4,1,20.52
4,2,19.87
4,3,18.98
4,4,17.96
4,5,16.92
4,6,15.99
4,7,15.29
4,8,14.92
5,0,20.1
5,1,19.74
5,2,19.05
5,3,18.11
5,4,17.03
5,5,15.93
5,6,14.95
5,7,14.22
5,8,13.82
6,0,19.43
6,1,19.05
6,2,18.33
6,3,17.35
6,4,16.22
6,5,15.06
6,6,14.03
6,7,13.26
6,8,12.84
7,0,18.94
7,1,18.54
7,2,17.8
7,3,16.79
7,4,15.61
7,5,14.42
7,6,13.35
7,7,12.54
7,8,12.11
8,0,18.67
8,1,18.27
8,2,17.52
8,3,16.48
8,4,15.29
8,5,14.07
8,6,12.98
8,7,12.16
8,8,11.72
0,0,23.0
0,1,22.71
0,2,22.16
0,3,21.41
0,4,20.55
0,5,19.68
0,6,18.9
0,7,18.33
0,8,18.02
1,0,22.74
1,1,22.44
1,2,21.88
1,3,21.11
1,4,20.24
1,5,19.35
1,6,18.56
1,7,17.97
1,8,17.65
2,0,22.24
2,1,21.93
2,2,21.35
2,3,20.56
2,4,19.65
2,5,18.73
2,6,17.91
2,7,17.3
2,8,16.97
3,0,21.58
3,1,21.25
3,2,20.64
3,3,19.81
3,4,18.86
3,5,17.89
3,6,17.03
3,7,16.38
3,8,16.03
4,0,20.82
4,1,20.48
4,2,19.84
4,3,18.96
4,4,17.95
4,5,16.93
4,6,16.02
4,7,15.33
4,8,14.96
5,0,20.07
5,1,19.71
5,2,19.03
5,3,18.11
5,4,17.04
5,5,15.96
5,6,14.99
5,7,14.27
5,8,13.88
6,0,19.41
6,1,19.03
6,2,18.32
6,3,17.36
6,4,16.24
6,5,15.1
6,6,14.09
6,7,13.33
6,8,12.92
7,0,18.92
7,1,18.53
7,2,17.8
7,3,16.8
7,4,15.64
7,5,14.46
7,6,13.41
7,7,12.62
7,8,12.2
8,0,18.66
8,1,18.26
8,2,17.52
8,3,16.5
8,4,15.32
8,5,14.12
8,6,13.05
8,7,12.24
8,8,11.81
0,0,22.94
0,1,22.65
0,2,22.1
0,3,21.36
0,4,20.51
0,5,19.65
0,6,18.89
0,7,18.32
0,8,18.01
1,0,22.68
1,1,22.38
1,2,21.83
1,3,21.07
1,4,20.2
1,5,19.33
1,6,18.55
1,7,17.96
1,8,17.65
2,0,22.19
2,1,21.88
2,2,21.31
2,3,20.52
2,4,19.63
2,5,18.72
2,6,17.91
2,7,17.3
2,8,16.98
3,0,21.53
3,1,21.21
3,2,20.61
3,3,19.79
3,4,18.84
3,5,17.89
3,6,17.04
3,7,16.4
3,8,16.06
4,0,20.78
4,1,20.45
4,2,19.81
4,3,18.95
4,4,17.95
4,5,16.94
4,6,16.04
4,7,15.37
4,8,15.0
5,0,20.04
5,1,19.68
5,2,19.02
5,3,18.1
5,4,17.05
5,5,15.99
5,6,15.04
5,7,14.32
5,8,13.94
6,0,19.38
6,1,19.01
6,2,18.32
6,3,17.36
6,4,16.26
6,5,15.14
6,6,14.14
6,7,13.39
6,8,12.99
7,0,18.9
7,1,18.52
7,2,17.8
7,3,16.81
7,4,15.67
7,5,14.51
7,6,13.48
7,7,12.7
7,8,12.28
8,0,18.64
8,1,18.25
8,2,17.52
8,3,16.52
8,4,15.36
8,5,14.18
8,6,13.12
8,7,12.33
8,8,11.91
0,0,22.87
0,1,22.59
0,2,22.05
0,3,21.32
0,4,20.47
0,5,19.62
0,6,18.87
0,7,18.31
0,8,18.0
1,0,22.62
1,1,22.33
1,2,21.78
1,3,21.03
1,4,20.17
1,5,19.3
1,6,18.54
1,7,17.96
1,8,17.65
2,0,22.13
2,1,21.83
2,2,21.26
2,3,20.49
2,4,19.6
2,5,18.7
2,6,17.9
2,7,17.31
2,8,16.99
3,0,21.48
3,1,21.17
3,2,20.57
3,3,19.76
3,4,18.83
3,5,17.89
3,6,17.05
3,7,16.42
3,8,16.08
4,0,20.74
4,1,20.41
4,2,19.79
4,3,18.93
4,4,17.95
4,5,16.95
4,6,16.07
4,7,15.4
4,8,15.04
5,0,20.01
5,1,19.66
5,2,19.0
5,3,18.1
5,4,17.06
5,5,16.01
5,6,15.08
5,7,14.37
5,8,14.0
6,0,19.36
6,1,19.0
6,2,18.31
6,3,17.37
6,4,16.28
6,5,15.18
6,6,14.2
6,7,13.46
6,8,13.07
7,0,18.88
7,1,18.51
7,2,17.79
7,3,16.82
7,4,15.7
7,5,14.56
7,6,13.54
7,7,12.78
7,8,12.37
8,0,18.63
8,1,18.24
8,2,17.52
8,3,16.53
8,4,15.39
8,5,14.23
8,6,13.19
8,7,12.42
8,8,12.0

Timestep: 75 s
0,0,22.81
0,1,22.53
0,2,22.0
0,3,21.27
0,4,20.44
0,5,19.6
0,6,18.85
0,7,18.3
0,8,18.0
1,0,22.56
1,1,22.27
1,2,21.73
1,3,20.99
1,4,20.14
1,5,19.28
1,6,18.52
1,7,17.95
1,8,17.65
2,0,22.08
2,1,21.78
2,2,21.22
2,3,20.45
2,4,19.58
2,5,18.69
2,6,17.9
2,7,17.31
2,8,16.99
3,0,21.44
3,1,21.12
3,2,20.54
3,3,19.74
3,4,18.82
3,5,17.88
3,6,17.06
3,7,16.44
3,8,16.1
4,0,20.71
4,1,20.38
4,2,19.76
4,3,18.92
4,4,17.95
4,5,16.96
4,6,16.09
4,7,15.43
4,8,15.08
5,0,19.98
5,1,19.63
5,2,18.98
5,3,18.1
5,4,17.07
5,5,16.04
5,6,15.12
5,7,14.42
5,8,14.05
6,0,19.34
6,1,18.98
6,2,18.3
6,3,17.37
6,4,16.3
6,5,15.22
6,6,14.25
6,7,13.53
6,8,13.14
7,0,18.86
7,1,18.49
7,2,17.79
7,3,16.83
7,4,15.73
7,5,14.61
7,6,13.61
7,7,12.86
7,8,12.45
8,0,18.61
8,1,18.24
8,2,17.52
8,3,16.55
8,4,15.42
8,5,14.28
8,6,13.26
8,7,12.5
8,8,12.09
0,0,22.75
0,1,22.47
0,2,21.94
0,3,21.23
0,4,20.4
0,5,19.57
0,6,18.84
0,7,18.29
0,8,17.99
1,0,22.5
1,1,22.21
1,2,21.68
1,3,20.95
1,4,20.11
1,5,19.26
1,6,18.51
1,7,17.95
1,8,17.65
2,0,22.03
2,1,21.73
2,2,21.18
2,3,20.42
2,4,19.55
2,5,18.68
2,6,17.9
2,7,17.32
2,8,17.0
3,0,21.39
3,1,21.08
3,2,20.5
3,3,19.71
3,4,18.8
3,5,17.88
3,6,17.07
3,7,16.46
3,8,16.13
4,0,20.67
4,1,20.34
4,2,19.73
4,3,18.9
4,4,17.94
4,5,16.98
4,6,16.11
4,7,15.47
4,8,15.12
5,0,19.95
5,1,19.61
5,2,18.97
5,3,18.09
5,4,17.08
5,5,16.06
5,6,15.16
5,7,14.47
5,8,14.11
6,0,19.32
6,1,18.96
6,2,18.29
6,3,17.38
6,4,16.33
6,5,15.26
6,6,14.31
6,7,13.59
6,8,13.21
7,0,18.85
7,1,18.48
7,2,17.79
7,3,16.85
7,4,15.76
7,5,14.66
7,6,13.67
7,7,12.93
7,8,12.54
8,0,18.6
8,1,18.23
8,2,17.52
8,3,16.56
8,4,15.46
8,5,14.33
8,6,13.33
8,7,12.58
8,8,12.18
0,0,22.69
0,1,22.41
0,2,21.89
0,3,21.18
0,4,20.37
0,5,19.55
0,6,18.82
0,7,18.28
0,8,17.99
1,0,22.44
1,1,22.16
1,2,21.63
1,3,20.9
1,4,20.08
1,5,19.24
1,6,18.5
1,7,17.95
1,8,17.65
2,0,21.97
2,1,21.68
2,2,21.13
2,3,20.39
2,4,19.53
2,5,18.66
2,6,17.9
2,7,17.32
2,8,17.01
3,0,21.34
3,1,21.04
3,2,20.47
3,3,19.69
3,4,18.79
3,5,17.88
3,6,17.08
3,7,16.47
3,8,16.15
4,0,20.63
4,1,20.31
4,2,19.71
4,3,18.89
4,4,17.94
4,5,16.99
4,6,16.14
4,7,15.5
4,8,15.16
5,0,19.92
5,1,19.58
5,2,18.95
5,3,18.09
5,4,17.09
5,5,16.09
5,6,15.19
5,7,14.52
5,8,14.16
6,0,19.29
6,1,18.94
6,2,18.28
6,3,17.38
6,4,16.35
6,5,15.29
6,6,14.36
6,7,13.66
6,8,13.28
7,0,18.83
7,1,18.47
7,2,17.79
7,3,16.86
7,4,15.79
7,5,14.7
7,6,13.73
7,7,13.01
7,8,12.62
8,0,18.58
8,1,18.22
8,2,17.52
8,3,16.58
8,4,15.49
8,5,14.39
8,6,13.4
8,7,12.66
8,8,12.27
0,0,22.63
0,1,22.35
0,2,21.84
0,3,21.14
0,4,20.33
0,5,19.52
0,6,18.81
0,7,18.27
0,8,17.98
1,0,22.38
1,1,22.1
1,2,21.58
1,3,20.86
1,4,20.05
1,5,19.22
1,6,18.49
1,7,17.94
1,8,17.65
2,0,21.92
2,1,21.63
2,2,21.09
2,3,20.35
2,4,19.51
2,5,18.65
2,6,17.89
2,7,17.33
2,8,17.02
3,0,21.3
3,1,21.0
3,2,20.43
3,3,19.66
3,4,18.78
3,5,17.88
3,6,17.09
3,7,16.49
3,8,16.17
4,0,20.59
4,1,20.28
4,2,19.68
4,3,18.87
4,4,17.94
4,5,17.0
4,6,16.16
4,7,15.54
4,8,15.2
5,0,19.89
5,1,19.56
5,2,18.93
5,3,18.08
5,4,17.1
5,5,16.11
5,6,15.23
5,7,14.57
5,8,14.22
6,0,19.27
6,1,18.93
6,2,18.28
6,3,17.39
6,4,16.37
6,5,15.33
6,6,14.41
6,7,13.72
6,8,13.35
7,0,18.81
7,1,18.46
7,2,17.79
7,3,16.87
7,4,15.82
7,5,14.75
7,6,13.8
7,7,13.08
7,8,12.7
8,0,18.57
8,1,18.21
8,2,17.53
8,3,16.6
8,4,15.52
8,5,14.44
8,6,13.47
8,7,12.74
8,8,12.35
0,0,22.57
0,1,22.3
0,2,21.79
0,3,21.09
0,4,20.3
0,5,19.5
0,6,18.79
0,7,18.26
0,8,17.98
1,0,22.33
1,1,22.05
1,2,21.53
1,3,20.82
1,4,20.02
1,5,19.2
1,6,18.48
1,7,17.94
1,8,17.65
2,0,21.87
2,1,21.58
2,2,21.05
2,3,20.32
2,4,19.48
2,5,18.64
2,6,17.89
2,7,17.33
2,8,17.03
3,0,21.26
3,1,20.96
3,2,20.4
3,3,19.64
3,4,18.76
3,5,17.88
3,6,17.1
3,7,16.51
3,8,16.2
4,0,20.56
4,1,20.25
4,2,19.66
4,3,18.86
4,4,17.94
4,5,17.01
4,6,16.19
4,7,15.57
4,8,15.24
5,0,19.86
5,1,19.54
5,2,18.92
5,3,18.08
5,4,17.11
5,5,16.14
5,6,15.27
5,7,14.62
5,8,14.27
6,0,19.25
6,1,18.91
6,2,18.27
6,3,17.39
6,4,16.39
6,5,15.37
6,6,14.46
6,7,13.78
6,8,13.42
7,0,18.8
7,1,18.45
7,2,17.78
7,3,16.88
7,4,15.84
7,5,14.79
7,6,13.86
7,7,13.15
7,8,12.78
8,0,18.56
8,1,18.2
8,2,17.53
8,3,16.61
8,4,15.56
8,5,14.49
8,6,13.53
8,7,12.82
8,8,12.44

Timestep: 80 s
0,0,22.51
0,1,22.24
0,2,21.74
0,3,21.05
0,4,20.27
0,5,19.48
0,6,18.77
0,7,18.25
0,8,17.97
1,0,22.27
1,1,22.0
1,2,21.48
1,3,20.79
1,4,19.99
1,5,19.18
1,6,18.47
1,7,17.93
1,8,17.65
2,0,21.82
2,1,21.54
2,2,21.01
2,3,20.29
2,4,19.46
2,5,18.63
2,6,17.89
2,7,17.34
2,8,17.04
3,0,21.21
3,1,20.92
3,2,20.36
3,3,19.61
3,4,18.75
3,5,17.88
3,6,17.11
3,7,16.53
3,8,16.22
4,0,20.52
4,1,20.21
4,2,19.63
4,3,18.84
4,4,17.94
4,5,17.02
4,6,16.21
4,7,15.6
4,8,15.28
5,0,19.83
5,1,19.51
5,2,18.9
5,3,18.08
5,4,17.12
5,5,16.16
5,6,15.31
5,7,14.67
5,8,14.32
6,0,19.23
6,1,18.89
6,2,18.26
6,3,17.4
6,4,16.41
6,5,15.4
6,6,14.51
6,7,13.84
6,8,13.48
7,0,18.78
7,1,18.44
7,2,17.78
7,3,16.89
7,4,15.87
7,5,14.84
7,6,13.92
7,7,13.22
7,8,12.86
8,0,18.54
8,1,18.19
8,2,17.53
8,3,16.63
8,4,15.59
8,5,14.53
8,6,13.6
8,7,12.9
8,8,12.52
0,0,22.45
0,1,22.19
0,2,21.69
0,3,21.01
0,4,20.23
0,5,19.45
0,6,18.76
0,7,18.24
0,8,17.97
1,0,22.21
1,1,21.94
1,2,21.44
1,3,20.75
1,4,19.96
1,5,19.16
1,6,18.46
1,7,17.93
1,8,17.65
2,0,21.77
2,1,21.49
2,2,20.97
2,3,20.25
2,4,19.44
2,5,18.62
2,6,17.89
2,7,17.34
2,8,17.05
3,0,21.17
3,1,20.88
3,2,20.33
3,3,19.59
3,4,18.74
3,5,17.88
3,6,17.11
3,7,16.54
3,8,16.24
4,0,20.49
4,1,20.18
4,2,19.61
4,3,18.83
4,4,17.94
4,5,17.03
4,6,16.23
4,7,15.63
4,8,15.31
5,0,19.81
5,1,19.49
5,2,18.89
5,3,18.07
5,4,17.13
5,5,16.19
5,6,15.34
5,7,14.71
5,8,14.38
6,0,19.21
6,1,18.88
6,2,18.25
6,3,17.4
6,4,16.43
6,5,15.44
6,6,14.56
6,7,13.9
6,8,13.55
7,0,18.77
7,1,18.43
7,2,17.78
7,3,16.91
7,4,15.9
7,5,14.88
7,6,13.97
7,7,13.29
7,8,12.93
8,0,18.53
8,1,18.18
8,2,17.53
8,3,16.64
8,4,15.62
8,5,14.58
8,6,13.66
8,7,12.97
8,8,12.6
0,0,22.39
0,1,22.13
0,2,21.64
0,3,20.97
0,4,20.2
0,5,19.43
0,6,18.75
0,7,18.23
0,8,17.96
1,0,22.16
1,1,21.89
1,2,21.39
1,3,20.71
1,4,19.93
1,5,19.14
1,6,18.45
1,7,17.93
1,8,17.65
2,0,21.72
2,1,21.44
2,2,20.92
2,3,20.22
2,4,19.42
2,5,18.6
2,6,17.88
2,7,17.35
2,8,17.06
3,0,21.13
3,1,20.84
3,2,20.3
3,3,19.57
3,4,18.72
3,5,17.88
3,6,17.12
3,7,16.56
3,8,16.26
4,0,20.45
4,1,20.15
4,2,19.59
4,3,18.82
4,4,17.94
4,5,17.05
4,6,16.25
4,7,15.66
4,8,15.35
5,0,19.78
5,1,19.47
5,2,18.87
5,3,18.07
5,4,17.14
5,5,16.21
5,6,15.38
5,7,14.76
5,8,14.43
6,0,19.19
6,1,18.86
6,2,18.25
6,3,17.41
6,4,16.45
6,5,15.47
6,6,14.61
6,7,13.96
6,8,13.61
7,0,18.75
7,1,18.42
7,2,17.78
7,3,16.92
7,4,15.93
7,5,14.92
7,6,14.03
7,7,13.36
7,8,13.01
8,0,18.52
8,1,18.18
8,2,17.53
8,3,16.66
8,4,15.65
8,5,14.63
8,6,13.72
8,7,13.05
8,8,12.68
0,0,22.34
0,1,22.08
0,2,21.59
0,3,20.93
0,4,20.17
0,5,19.41
0,6,18.73
0,7,18.23
0,8,17.96
1,0,22.1
1,1,21.84
1,2,21.34
1,3,20.67
1,4,19.9
1,5,19.12
1,6,18.44
1,7,17.92
1,8,17.65
2,0,21.67
2,1,21.4
2,2,20.89
2,3,20.19
2,4,19.4
2,5,18.59
2,6,17.88
2,7,17.35
2,8,17.07
3,0,21.08
3,1,20.8
3,2,20.27
3,3,19.54
3,4,18.71
3,5,17.88
3,6,17.13
3,7,16.58
3,8,16.28
4,0,20.42
4,1,20.12
4,2,19.56
4,3,18.8
4,4,17.93
4,5,17.06
4,6,16.28
4,7,15.69
4,8,15.38
5,0,19.75
5,1,19.44
5,2,18.86
5,3,18.06
5,4,17.15
5,5,16.23
5,6,15.42
5,7,14.81
5,8,14.48
6,0,19.17
6,1,18.85
6,2,18.24
6,3,17.41
6,4,16.47
6,5,15.51
6,6,14.66
6,7,14.02
6,8,13.68
7,0,18.74
7,1,18.4
7,2,17.78
7,3,16.93
7,4,15.95
7,5,14.97
7,6,14.09
7,7,13.43
7,8,13.08
8,0,18.51
8,1,18.17
8,2,17.53
8,3,16.67
8,4,15.68
8,5,14.68
8,6,13.79
8,7,13.12
8,8,12.76
0,0,22.28
0,1,22.02
0,2,21.54
0,3,20.89
0,4,20.14
0,5,19.38
0,6,18.72
0,7,18.22
0,8,17.95
1,0,22.05
1,1,21.79
1,2,21.3
1,3,20.63
1,4,19.87
1,5,19.11
1,6,18.43
1,7,17.92
1,8,17.65
2,0,21.62
2,1,21.35
2,2,20.85
2,3,20.16
2,4,19.37
2,5,18.58
2,6,17.88
2,7,17.36
2,8,17.08
3,0,21.04
3,1,20.76
3,2,20.23
3,3,19.52
3,4,18.7
3,5,17.87
3,6,17.14
3,7,16.6
3,8,16.3
4,0,20.38
4,1,20.09
4,2,19.54
4,3,18.79
4,4,17.93
4,5,17.07
4,6,16.3
4,7,15.73
4,8,15.42
5,0,19.73
5,1,19.42
5,2,18.84
5,3,18.06
5,4,17.16
5,5,16.26
5,6,15.45
5,7,14.85
5,8,14.53
6,0,19.15
6,1,18.83
6,2,18.23
6,3,17.42
6,4,16.48
6,5,15.54
6,6,14.7
6,7,14.08
6,8,13.74
7,0,18.72
7,1,18.39
7,2,17.78
7,3,16.94
7,4,15.98
7,5,15.01
7,6,14.14
7,7,13.5
7,8,13.15
8,0,18.49
8,1,18.16
8,2,17.54
8,3,16.69
8,4,15.71
8,5,14.72
8,6,13.85
8,7,13.19
8,8,12.84

Timestep: 85 s
0,0,22.22
0,1,21.97
0,2,21.49
0,3,20.85
0,4,20.11
0,5,19.36
0,6,18.7
0,7,18.21
0,8,17.95
1,0,22.0
1,1,21.74
1,2,21.25
1,3,20.6
1,4,19.85
1,5,19.09
1,6,18.42
1,7,17.92
1,8,17.65
2,0,21.57
2,1,21.31
2,2,20.81
2,3,20.13
2,4,19.35
2,5,18.57
2,6,17.88
2,7,17.36
2,8,17.09
3,0,21.0
3,1,20.72
3,2,20.2
3,3,19.5
3,4,18.69
3,5,17.87
3,6,17.15
3,7,16.61
3,8,16.32
4,0,20.35
4,1,20.06
4,2,19.52
4,3,18.78
4,4,17.93
4,5,17.08
4,6,16.32
4,7,15.76
4,8,15.45
5,0,19.7
5,1,19.4
5,2,18.83
5,3,18.06
5,4,17.17
5,5,16.28
5,6,15.49
5,7,14.89
5,8,14.58
6,0,19.13
6,1,18.82
6,2,18.23
6,3,17.42
6,4,16.5
6,5,15.57
6,6,14.75
6,7,14.13
6,8,13.8
7,0,18.71
7,1,18.39
7,2,17.78
7,3,16.95
7,4,16.01
7,5,15.05
7,6,14.2
7,7,13.56
7,8,13.22
8,0,18.48
8,1,18.16
8,2,17.54
8,3,16.7
8,4,15.74
8,5,14.77
8,6,13.91
8,7,13.26
8,8,12.92
0,0,22.17
0,1,21.92
0,2,21.45
0,3,20.81
0,4,20.08
0,5,19.34
0,6,18.69
0,7,18.2
0,8,17.94
1,0,21.94
1,1,21.69
1,2,21.21
1,3,20.56
1,4,19.82
1,5,19.07
1,6,18.41
1,7,17.91
1,8,17.65
2,0,21.52
2,1,21.26
2,2,20.77
2,3,20.1
2,4,19.33
2,5,18.56
2,6,17.88
2,7,17.37
2,8,17.1
3,0,20.96
3,1,20.69
3,2,20.17
3,3,19.48
3,4,18.68
3,5,17.87
3,6,17.16
3,7,16.63
3,8,16.35
4,0,20.32
4,1,20.03
4,2,19.49
4,3,18.77
4,4,17.93
4,5,17.09
4,6,16.34
4,7,15.79
4,8,15.49
5,0,19.67
5,1,19.38
5,2,18.82
5,3,18.06
5,4,17.18
5,5,16.3
5,6,15.52
5,7,14.94
5,8,14.62
6,0,19.11
6,1,18.8
6,2,18.22
6,3,17.43
6,4,16.52
6,5,15.61
6,6,14.79
6,7,14.19
6,8,13.86
7,0,18.69
7,1,18.38
7,2,17.78
7,3,16.96
7,4,16.03
7,5,15.09
7,6,14.25
7,7,13.63
7,8,13.29
8,0,18.47
8,1,18.15
8,2,17.54
8,3,16.72
8,4,15.77
8,5,14.81
8,6,13.96
8,7,13.33
8,8,12.99
0,0,22.11
0,1,21.87
0,2,21.4
0,3,20.77
0,4,20.05
0,5,19.32
0,6,18.68
0,7,18.2
0,8,17.94
1,0,21.89
1,1,21.64
1,2,21.17
1,3,20.53
1,4,19.79
1,5,19.05
1,6,18.4
1,7,17.91
1,8,17.65
2,0,21.48
2,1,21.22
2,2,20.73
2,3,20.07
2,4,19.31
2,5,18.55
2,6,17.88
2,7,17.37
2,8,17.1
3,0,20.92
3,1,20.65
3,2,20.14
3,3,19.45
3,4,18.67
3,5,17.87
3,6,17.17
3,7,16.65
3,8,16.37
4,0,20.28
4,1,20.0
4,2,19.47
4,3,18.75
4,4,17.93
4,5,17.1
4,6,16.36
4,7,15.81
4,8,15.52
5,0,19.65
5,1,19.36
5,2,18.8
5,3,18.05
5,4,17.19
5,5,16.32
5,6,15.55
5,7,14.98
5,8,14.67
6,0,19.09
6,1,18.79
6,2,18.21
6,3,17.43
6,4,16.54
6,5,15.64
6,6,14.84
6,7,14.24
6,8,13.92
7,0,18.68
7,1,18.37
7,2,17.78
7,3,16.97
7,4,16.06
7,5,15.13
7,6,14.31
7,7,13.69
7,8,13.36
8,0,18.46
8,1,18.14
8,2,17.54
8,3,16.73
8,4,15.8
8,5,14.86
8,6,14.02
8,7,13.4
8,8,13.06
0,0,22.06
0,1,21.81
0,2,21.35
0,3,20.73
0,4,20.02
0,5,19.3
0,6,18.66
0,7,18.19
0,8,17.94
1,0,21.84
1,1,21.59
1,2,21.12
1,3,20.49
1,4,19.76
1,5,19.04
1,6,18.39
1,7,17.91
1,8,17.65
2,0,21.43
2,1,21.18
2,2,20.69
2,3,20.04
2,4,19.29
2,5,18.54
2,6,17.87
2,7,17.38
2,8,17.11
3,0,20.88
3,1,20.61
3,2,20.11
3,3,19.43
3,4,18.66
3,5,17.87
3,6,17.18
3,7,16.66
3,8,16.39
4,0,20.25
4,1,19.97
4,2,19.45
4,3,18.74
4,4,17.93
4,5,17.11
4,6,16.39
4,7,15.84
4,8,15.55
5,0,19.62
5,1,19.34
5,2,18.79
5,3,18.05
5,4,17.2
5,5,16.35
5,6,15.59
5,7,15.02
5,8,14.72
6,0,19.07
6,1,18.77
6,2,18.21
6,3,17.44
6,4,16.56
6,5,15.67
6,6,14.88
6,7,14.3
6,8,13.98
7,0,18.66
7,1,18.36
7,2,17.78
7,3,16.99
7,4,16.08
7,5,15.17
7,6,14.36
7,7,13.75
7,8,13.43
8,0,18.45
8,1,18.14
8,2,17.55
8,3,16.74
8,4,15.83
8,5,14.9
8,6,14.08
8,7,13.47
8,8,13.14
0,0,22.01
0,1,21.76
0,2,21.31
0,3,20.69
0,4,19.99
0,5,19.28
0,6,18.65
0,7,18.18
0,8,17.93
1,0,21.79
1,1,21.54
1,2,21.08
1,3,20.46
1,4,19.74
1,5,19.02
1,6,18.38
1,7,17.91
1,8,17.65
2,0,21.39
2,1,21.13
2,2,20.66
2,3,20.01
2,4,19.27
2,5,18.53
2,6,17.87
2,7,17.38
2,8,17.12
3,0,20.84
3,1,20.58
3,2,20.08
3,3,19.41
3,4,18.64
3,5,17.87
3,6,17.19
3,7,16.68
3,8,16.41
4,0,20.22
4,1,19.95
4,2,19.43
4,3,18.73
4,4,17.93
4,5,17.12
4,6,16.41
4,7,15.87
4,8,15.59
5,0,19.6
5,1,19.31
5,2,18.78
5,3,18.05
5,4,17.21
5,5,16.37
5,6,15.62
5,7,15.06
5,8,14.77
6,0,19.06
6,1,18.76
6,2,18.2
6,3,17.44
6,4,16.58
6,5,15.7
6,6,14.93
6,7,14.35
6,8,14.04
7,0,18.65
7,1,18.35
7,2,17.77
7,3,17.0
7,4,16.11
7,5,15.21
7,6,14.41
7,7,13.82
7,8,13.5
8,0,18.44
8,1,18.13
8,2,17.55
8,3,16.76
8,4,15.86
8,5,14.94
8,6,14.14
8,7,13.53
8,8,13.21

Timestep: 90 s
0,0,21.95
0,1,21.71
0,2,21.26
0,3,20.65
0,4,19.96
0,5,19.26
0,6,18.64
0,7,18.18
0,8,17.93
1,0,21.74
1,1,21.5
1,2,21.04
1,3,20.42
1,4,19.71
1,5,19.0
1,6,18.37
1,7,17.9
1,8,17.65
2,0,21.34
2,1,21.09
2,2,20.62
2,3,19.98
2,4,19.25
2,5,18.52
2,6,17.87
2,7,17.39
2,8,17.13
3,0,20.8
3,1,20.54
3,2,20.05
3,3,19.39
3,4,18.63
3,5,17.87
3,6,17.2
3,7,16.69
3,8,16.43
4,0,20.19
4,1,19.92
4,2,19.41
4,3,18.72
4,4,17.93
4,5,17.13
4,6,16.43
4,7,15.9
4,8,15.62
5,0,19.58
5,1,19.29
5,2,18.76
5,3,18.04
5,4,17.22
5,5,16.39
5,6,15.65
5,7,15.1
5,8,14.81
6,0,19.04
6,1,18.75
6,2,18.2
6,3,17.45
6,4,16.59
6,5,15.73
6,6,14.97
6,7,14.4
6,8,14.1
7,0,18.64
7,1,18.34
7,2,17.77
7,3,17.01
7,4,16.13
7,5,15.25
7,6,14.46
7,7,13.88
7,8,13.56
8,0,18.43
8,1,18.12
8,2,17.55
8,3,16.77
8,4,15.88
8,5,14.99
8,6,14.19
8,7,13.6
8,8,13.28
0,0,21.9
0,1,21.66
0,2,21.22
0,3,20.62
0,4,19.93
0,5,19.24
0,6,18.63
0,7,18.17
0,8,17.93
1,0,21.69
1,1,21.45
1,2,21.0
1,3,20.39
1,4,19.69
1,5,18.98
1,6,18.36
1,7,17.9
1,8,17.65
2,0,21.3
2,1,21.05
2,2,20.58
2,3,19.95
2,4,19.23
2,5,18.51
2,6,17.87
2,7,17.39
2,8,17.14
3,0,20.76
3,1,20.51
3,2,20.02
3,3,19.37
3,4,18.62
3,5,17.87
3,6,17.21
3,7,16.71
3,8,16.44
4,0,20.16
4,1,19.89
4,2,19.39
4,3,18.71
4,4,17.93
4,5,17.14
4,6,16.45
4,7,15.93
4,8,15.65
5,0,19.55
5,1,19.27
5,2,18.75
5,3,18.04
5,4,17.23
5,5,16.41
5,6,15.68
5,7,15.14
5,8,14.86
6,0,19.02
6,1,18.73
6,2,18.19
6,3,17.45
6,4,16.61
6,5,15.76
6,6,15.01
6,7,14.45
6,8,14.15
7,0,18.63
7,1,18.33
7,2,17.77
7,3,17.02
7,4,16.15
7,5,15.28
7,6,14.51
7,7,13.94
7,8,13.63
8,0,18.42
8,1,18.12
8,2,17.55
8,3,16.79
8,4,15.91
8,5,15.03
8,6,14.24
8,7,13.66
8,8,13.35
0,0,21.85
0,1,21.62
0,2,21.18
0,3,20.58
0,4,19.9
0,5,19.22
0,6,18.61
0,7,18.16
0,8,17.92
1,0,21.64
1,1,21.4
1,2,20.96
1,3,20.35
1,4,19.66
1,5,18.97
1,6,18.36
1,7,17.9
1,8,17.65
2,0,21.25
2,1,21.01
2,2,20.55
2,3,19.93
2,4,19.22
2,5,18.5
2,6,17.87
2,7,17.4
2,8,17.15
3,0,20.72
3,1,20.47
3,2,20.0
3,3,19.35
3,4,18.61
3,5,17.87
3,6,17.21
3,7,16.73
3,8,16.46
4,0,20.13
4,1,19.86
4,2,19.37
4,3,18.69
4,4,17.93
4,5,17.15
4,6,16.47
4,7,15.96
4,8,15.68
5,0,19.53
5,1,19.25
5,2,18.74
5,3,18.04
5,4,17.24
5,5,16.43
5,6,15.72
5,7,15.18
5,8,14.9
6,0,19.0
6,1,18.72
6,2,18.18
6,3,17.46
6,4,16.63
6,5,15.79
6,6,15.05
6,7,14.5
6,8,14.21
7,0,18.61
7,1,18.32
7,2,17.77
7,3,17.03
7,4,16.18
7,5,15.32
7,6,14.56
7,7,13.99
