Timestep: 0 s
0,0,23.69
0,1,24.44
0,2,24.31
0,3,24.44
0,4,25.13
0,5,24.5
0,6,24.13
0,7,23.63
0,8,23.13
1,0,24.38
1,1,24.69
1,2,24.69
1,3,25.13
1,4,25.75
1,5,23.75
1,6,23.19
1,7,22.81
1,8,22.63
2,0,24.94
2,1,25.25
2,2,27.13
2,3,24.63
2,4,24.31
2,5,24.69
2,6,23.94
2,7,23.25
2,8,22.75
3,0,27.56
3,1,26.81
3,2,27.69
3,3,26.75
3,4,24.88
3,5,25.88
3,6,25.19
3,7,23.44
3,8,23.0
4,0,27.25
4,1,30.94
4,2,30.31
4,3,25.5
4,4,25.5
4,5,24.69
4,6,24.69
4,7,23.69
4,8,23.25
5,0,33.5
5,1,30.94
5,2,32.19
5,3,30.75
5,4,28.06
5,5,26.44
5,6,24.31
5,7,24.38
5,8,23.44
6,0,33.75
6,1,36.88
6,2,33.38
6,3,30.31
6,4,27.19
6,5,27.44
6,6,25.13
6,7,24.69
6,8,23.69
7,0,41.13
7,1,37.31
7,2,35.25
7,3,30.38
7,4,28.63
7,5,26.69
7,6,25.81
7,7,25.31
7,8,25.0
8,0,37.69
8,1,32.5
8,2,36.06
8,3,34.81
8,4,30.56
8,5,26.19
8,6,25.94
8,7,25.69
8,8,24.69
0,0,23.84
0,1,24.39
0,2,24.39
0,3,24.56
0,4,25.04
0,5,24.46
0,6,24.03
0,7,23.55
0,8,23.13
1,0,24.42
1,1,24.71
1,2,24.89
1,3,25.05
1,4,25.34
1,5,24.02
1,6,23.38
1,7,22.96
1,8,22.72
2,0,25.17
2,1,25.49
2,2,26.59
2,3,25.04
2,4,24.57
2,5,24.62
2,6,23.98
2,7,23.26
2,8,22.82
3,0,27.28
3,1,27.16
3,2,27.66
3,3,26.44
3,4,25.14
3,5,25.52
3,6,24.91
3,7,23.56
3,8,23.06
4,0,28.16
4,1,30.24
4,2,29.85
4,3,26.48
4,4,25.68
4,5,25.02
4,6,24.63
4,7,23.78
4,8,23.3
5,0,32.8
5,1,31.69
5,2,31.86
5,3,30.13
5,4,27.84
5,5,26.33
5,6,24.62
5,7,24.28
5,8,23.55
6,0,34.58
6,1,35.82
6,2,33.39
6,3,30.38
6,4,27.69
6,5,27.08
6,6,25.29
6,7,24.68
6,8,23.89
7,0,39.71
7,1,36.9
7,2,34.88
7,3,31.02
7,4,28.72
7,5,26.82
7,6,25.81
7,7,25.29
7,8,24.89
8,0,37.5
8,1,33.77
8,2,35.52
8,3,34.08
8,4,30.35
8,5,26.64
8,6,25.95
8,7,25.59
8,8,24.81
0,0,23.96
0,1,24.38
0,2,24.46
0,3,24.63
0,4,24.96
0,5,24.43
0,6,23.96
0,7,23.5
0,8,23.13
1,0,24.48
1,1,24.76
1,2,24.99
1,3,25.03
1,4,25.1
1,5,24.17
1,6,23.53
1,7,23.07
1,8,22.8
2,0,25.34
2,1,25.65
2,2,26.31
2,3,25.26
2,4,24.75
2,5,24.59
2,6,24.0
2,7,23.3
2,8,22.89
3,0,27.2
3,1,27.33
3,2,27.58
3,3,26.35
3,4,25.29
3,5,25.3
3,6,24.73
3,7,23.63
3,8,23.12
4,0,28.69
4,1,29.9
4,2,29.55
4,3,27.03
4,4,25.88
4,5,25.21
4,6,24.63
4,7,23.85
4,8,23.36
5,0,32.48
5,1,31.98
5,2,31.62
5,3,29.78
5,4,27.7
5,5,26.26
5,6,24.81
5,7,24.25
5,8,23.64
6,0,34.92
6,1,35.21
6,2,33.28
6,3,30.46
6,4,27.99
6,5,26.9
6,6,25.38
6,7,24.69
6,8,24.03
7,0,38.71
7,1,36.53
7,2,34.6
7,3,31.36
7,4,28.84
7,5,26.92
7,6,25.83
7,7,25.27
7,8,24.83
8,0,37.33
8,1,34.56
8,2,35.14
8,3,33.54
8,4,30.18
8,5,26.95
8,6,25.98
8,7,25.52
8,8,24.89
0,0,24.06
0,1,24.4
0,2,24.53
0,3,24.69
0,4,24.88
0,5,24.41
0,6,23.93
0,7,23.47
0,8,23.14
1,0,24.56
1,1,24.82
1,2,25.04
1,3,25.02
1,4,24.97
1,5,24.26
1,6,23.64
1,7,23.16
1,8,22.88
2,0,25.48
2,1,25.76
2,2,26.16
2,3,25.39
2,4,24.87
2,5,24.58
2,6,24.02
2,7,23.35
2,8,22.95
3,0,27.21
3,1,27.41
3,2,27.49
3,3,26.35
3,4,25.4
3,5,25.18
3,6,24.6
3,7,23.68
3,8,23.18
4,0,29.01
4,1,29.72
4,2,29.35
4,3,27.33
4,4,26.06
4,5,25.32
4,6,24.64
4,7,23.9
4,8,23.42
5,0,32.33
5,1,32.05
5,2,31.42
5,3,29.57
5,4,27.62
5,5,26.22
5,6,24.93
5,7,24.26
5,8,23.72
6,0,35.01
6,1,34.81
6,2,33.13
6,3,30.51
6,4,28.17
6,5,26.82
6,6,25.45
6,7,24.72
6,8,24.14
7,0,37.97
7,1,36.2
7,2,34.38
7,3,31.52
7,4,28.96
7,5,27.01
7,6,25.86
7,7,25.25
7,8,24.81
8,0,37.17
8,1,35.04
8,2,34.87
8,3,33.15
8,4,30.06
8,5,27.17
8,6,26.03
8,7,25.48
8,8,24.95
0,0,24.15
0,1,24.43
0,2,24.59
0,3,24.72
0,4,24.82
0,5,24.39
0,6,23.9
0,7,23.46
0,8,23.15
1,0,24.64
1,1,24.87
1,2,25.08
1,3,25.02
1,4,24.89
1,5,24.31
1,6,23.72
1,7,23.23
1,8,22.95
2,0,25.6
2,1,25.85
2,2,26.08
2,3,25.47
2,4,24.95
2,5,24.59
2,6,24.03
2,7,23.4
2,8,23.01
3,0,27.25
3,1,27.46
3,2,27.42
3,3,26.39
3,4,25.49
3,5,25.11
3,6,24.52
3,7,23.71
3,8,23.24
4,0,29.22
4,1,29.63
4,2,29.21
4,3,27.51
4,4,26.21
4,5,25.4
4,6,24.67
4,7,23.94
4,8,23.48
5,0,32.25
5,1,32.02
5,2,31.25
5,3,29.44
5,4,27.59
5,5,26.21
5,6,25.01
5,7,24.29
5,8,23.79
6,0,34.97
6,1,34.52
6,2,32.97
6,3,30.54
6,4,28.29
6,5,26.79
6,6,25.51
6,7,24.75
6,8,24.23
7,0,37.4
7,1,35.92
7,2,34.18
7,3,31.59
7,4,29.06
7,5,27.1
7,6,25.9
7,7,25.24
7,8,24.81
8,0,37.02
8,1,35.31
8,2,34.66
8,3,32.84
8,4,29.97
8,5,27.33
8,6,26.08
8,7,25.47
8,8,24.99

Timestep: 5 s
0,0,24.24
0,1,24.47
0,2,24.64
0,3,24.75
0,4,24.78
0,5,24.38
0,6,23.89
0,7,23.45
0,8,23.16
1,0,24.72
1,1,24.93
1,2,25.11
1,3,25.03
1,4,24.85
1,5,24.34
1,6,23.78
1,7,23.3
1,8,23.01
2,0,25.7
2,1,25.91
2,2,26.04
2,3,25.52
2,4,25.02
2,5,24.6
2,6,24.04
2,7,23.44
2,8,23.08
3,0,27.32
3,1,27.49
3,2,27.36
3,3,26.43
3,4,25.57
3,5,25.07
3,6,24.47
3,7,23.74
3,8,23.29
4,0,29.36
4,1,29.58
4,2,29.11
4,3,27.62
4,4,26.33
4,5,25.46
4,6,24.69
4,7,23.99
4,8,23.54
5,0,32.2
5,1,31.96
5,2,31.1
5,3,29.36
5,4,27.57
5,5,26.21
5,6,25.08
5,7,24.33
5,8,23.86
6,0,34.86
6,1,34.29
6,2,32.81
6,3,30.54
6,4,28.37
6,5,26.8
6,6,25.55
6,7,24.78
6,8,24.3
7,0,36.96
7,1,35.67
7,2,34.01
7,3,31.6
7,4,29.13
7,5,27.17
7,6,25.94
7,7,25.24
7,8,24.82
8,0,36.87
8,1,35.45
8,2,34.48
8,3,32.6
8,4,29.9
8,5,27.44
8,6,26.13
8,7,25.46
8,8,25.02
0,0,24.32
0,1,24.52
0,2,24.68
0,3,24.77
0,4,24.74
0,5,24.36
0,6,23.89
0,7,23.45
0,8,23.18
1,0,24.8
1,1,24.99
1,2,25.13
1,3,25.05
1,4,24.83
1,5,24.37
1,6,23.83
1,7,23.35
1,8,23.06
2,0,25.8
2,1,25.97
2,2,26.02
2,3,25.57
2,4,25.07
2,5,24.61
2,6,24.06
2,7,23.48
2,8,23.13
3,0,27.39
3,1,27.51
3,2,27.33
3,3,26.47
3,4,25.63
3,5,25.06
3,6,24.44
3,7,23.76
3,8,23.35
4,0,29.46
4,1,29.54
4,2,29.03
4,3,27.69
4,4,26.42
4,5,25.51
4,6,24.72
4,7,24.03
4,8,23.6
5,0,32.15
5,1,31.87
5,2,30.97
5,3,29.3
5,4,27.58
5,5,26.22
5,6,25.13
5,7,24.38
5,8,23.93
6,0,34.71
6,1,34.09
6,2,32.66
6,3,30.53
6,4,28.42
6,5,26.82
6,6,25.6
6,7,24.82
6,8,24.36
7,0,36.59
7,1,35.45
7,2,33.84
7,3,31.57
7,4,29.18
7,5,27.24
7,6,25.98
7,7,25.25
7,8,24.83
8,0,36.71
8,1,35.49
8,2,34.33
8,3,32.41
8,4,29.85
8,5,27.53
8,6,26.18
8,7,25.47
8,8,25.05
0,0,24.4
0,1,24.57
0,2,24.72
0,3,24.79
0,4,24.72
0,5,24.35
0,6,23.89
0,7,23.46
0,8,23.2
1,0,24.88
1,1,25.04
1,2,25.16
1,3,25.06
1,4,24.83
1,5,24.38
1,6,23.86
1,7,23.4
1,8,23.12
2,0,25.88
2,1,26.02
2,2,26.01
2,3,25.6
2,4,25.11
2,5,24.62
2,6,24.07
2,7,23.53
2,8,23.19
3,0,27.46
3,1,27.53
3,2,27.3
3,3,26.51
3,4,25.68
3,5,25.06
3,6,24.43
3,7,23.79
3,8,23.4
4,0,29.53
4,1,29.51
4,2,28.97
4,3,27.73
4,4,26.5
4,5,25.55
4,6,24.75
4,7,24.07
4,8,23.66
5,0,32.1
5,1,31.79
5,2,30.86
5,3,29.26
5,4,27.59
5,5,26.24
5,6,25.17
5,7,24.42
5,8,23.99
6,0,34.56
6,1,33.91
6,2,32.53
6,3,30.51
6,4,28.46
6,5,26.84
6,6,25.64
6,7,24.85
6,8,24.41
7,0,36.28
7,1,35.25
7,2,33.69
7,3,31.53
7,4,29.21
7,5,27.3
7,6,26.02
7,7,25.26
7,8,24.85
8,0,36.55
8,1,35.46
8,2,34.19
8,3,32.25
8,4,29.8
8,5,27.6
8,6,26.23
8,7,25.48
8,8,25.07
0,0,24.47
0,1,24.62
0,2,24.76
0,3,24.8
0,4,24.7
0,5,24.35
0,6,23.89
0,7,23.48
0,8,23.22
1,0,24.96
1,1,25.09
1,2,25.18
1,3,25.08
1,4,24.82
1,5,24.4
1,6,23.89
1,7,23.44
1,8,23.17
2,0,25.96
2,1,26.06
2,2,26.02
2,3,25.63
2,4,25.14
2,5,24.64
2,6,24.09
2,7,23.57
2,8,23.24
3,0,27.52
3,1,27.55
3,2,27.28
3,3,26.54
3,4,25.73
3,5,25.07
3,6,24.43
3,7,23.82
3,8,23.45
4,0,29.58
4,1,29.49
4,2,28.92
4,3,27.76
4,4,26.56
4,5,25.59
4,6,24.77
4,7,24.11
4,8,23.71
5,0,32.05
5,1,31.7
5,2,30.76
5,3,29.22
5,4,27.6
5,5,26.27
5,6,25.21
5,7,24.47
5,8,24.05
6,0,34.4
6,1,33.74
6,2,32.4
6,3,30.47
6,4,28.49
6,5,26.88
6,6,25.68
6,7,24.89
6,8,24.47
7,0,36.01
7,1,35.07
7,2,33.55
7,3,31.47
7,4,29.23
7,5,27.35
7,6,26.06
7,7,25.28
7,8,24.88
8,0,36.4
8,1,35.4
8,2,34.06
8,3,32.12
8,4,29.77
8,5,27.66
8,6,26.28
8,7,25.5
8,8,25.09
0,0,24.55
0,1,24.68
0,2,24.8
0,3,24.82
0,4,24.69
0,5,24.34
0,6,23.9
0,7,23.49
0,8,23.25
1,0,25.03
1,1,25.15
1,2,25.21
1,3,25.09
1,4,24.83
1,5,24.41
1,6,23.92
1,7,23.48
1,8,23.21
2,0,26.03
2,1,26.1
2,2,26.03
2,3,25.66
2,4,25.17
2,5,24.66
2,6,24.11
2,7,23.6
2,8,23.29
3,0,27.58
3,1,27.57
3,2,27.27
3,3,26.57
3,4,25.77
3,5,25.08
3,6,24.44
3,7,23.85
3,8,23.5
4,0,29.61
4,1,29.46
4,2,28.88
4,3,27.78
4,4,26.6
4,5,25.62
4,6,24.8
4,7,24.15
4,8,23.77
5,0,31.99
5,1,31.61
5,2,30.67
5,3,29.19
5,4,27.62
5,5,26.29
5,6,25.25
5,7,24.51
5,8,24.11
6,0,34.24
6,1,33.58
6,2,32.28
6,3,30.43
6,4,28.51
6,5,26.91
6,6,25.71
6,7,24.93
6,8,24.51
7,0,35.77
7,1,34.89
7,2,33.41
7,3,31.41
7,4,29.25
7,5,27.4
7,6,26.1
7,7,25.31
7,8,24.9
8,0,36.23
8,1,35.31
8,2,33.93
8,3,32.01
8,4,29.74
8,5,27.7
8,6,26.32
8,7,25.52
8,8,25.11

Timestep: 10 s
0,0,24.62
0,1,24.73
0,2,24.83
0,3,24.83
0,4,24.68
0,5,24.34
0,6,23.91
0,7,23.51
0,8,23.27
1,0,25.1
1,1,25.2
1,2,25.24
1,3,25.11
1,4,24.83
1,5,24.42
1,6,23.94
1,7,23.51
1,8,23.25
2,0,26.1
2,1,26.15
2,2,26.05
2,3,25.68
2,4,25.19
2,5,24.67
2,6,24.13
2,7,23.64
2,8,23.34
3,0,27.63
3,1,27.58
3,2,27.27
3,3,26.59
3,4,25.81
3,5,25.1
3,6,24.45
3,7,23.89
3,8,23.55
4,0,29.63
4,1,29.44
4,2,28.84
4,3,27.79
4,4,26.64
4,5,25.66
4,6,24.83
4,7,24.19
4,8,23.82
5,0,31.93
5,1,31.53
5,2,30.59
5,3,29.16
5,4,27.63
5,5,26.32
5,6,25.29
5,7,24.56
5,8,24.16
6,0,34.08
6,1,33.43
6,2,32.16
6,3,30.39
6,4,28.53
6,5,26.94
6,6,25.75
6,7,24.97
6,8,24.56
7,0,35.56
7,1,34.72
7,2,33.28
7,3,31.35
7,4,29.25
7,5,27.44
7,6,26.14
7,7,25.33
7,8,24.93
8,0,36.07
8,1,35.2
8,2,33.81
8,3,31.9
8,4,29.71
8,5,27.74
8,6,26.36
8,7,25.54
8,8,25.14
0,0,24.68
0,1,24.78
0,2,24.87
0,3,24.85
0,4,24.68
0,5,24.34
0,6,23.91
0,7,23.53
0,8,23.3
1,0,25.17
1,1,25.25
1,2,25.26
1,3,25.13
1,4,24.84
1,5,24.43
1,6,23.97
1,7,23.55
1,8,23.3
2,0,26.17
2,1,26.19
2,2,26.07
2,3,25.71
2,4,25.22
2,5,24.69
2,6,24.15
2,7,23.68
2,8,23.39
3,0,27.68
3,1,27.6
3,2,27.27
3,3,26.61
3,4,25.84
3,5,25.12
3,6,24.47
3,7,23.92
3,8,23.59
4,0,29.64
4,1,29.42
4,2,28.81
4,3,27.8
4,4,26.68
4,5,25.69
4,6,24.86
4,7,24.23
4,8,23.87
5,0,31.86
5,1,31.45
5,2,30.52
5,3,29.13
5,4,27.65
5,5,26.35
5,6,25.32
5,7,24.6
5,8,24.21
6,0,33.93
6,1,33.29
6,2,32.06
6,3,30.35
6,4,28.54
6,5,26.97
6,6,25.79
6,7,25.01
6,8,24.6
7,0,35.36
7,1,34.56
7,2,33.16
7,3,31.28
7,4,29.25
7,5,27.47
7,6,26.18
7,7,25.36
7,8,24.96
8,0,35.91
8,1,35.08
8,2,33.69
8,3,31.81
8,4,29.68
8,5,27.77
8,6,26.4
8,7,25.56
8,8,25.16
0,0,24.75
0,1,24.83
0,2,24.9
0,3,24.86
0,4,24.68
0,5,24.34
0,6,23.93
0,7,23.55
0,8,23.32
1,0,25.24
1,1,25.29
1,2,25.29
1,3,25.15
1,4,24.85
1,5,24.45
1,6,23.99
1,7,23.58
1,8,23.34
2,0,26.23
2,1,26.22
2,2,26.09
2,3,25.73
2,4,25.24
2,5,24.71
2,6,24.18
2,7,23.71
2,8,23.44
3,0,27.72
3,1,27.62
3,2,27.27
3,3,26.63
3,4,25.87
3,5,25.15
3,6,24.49
3,7,23.95
3,8,23.64
4,0,29.64
4,1,29.4
4,2,28.79
4,3,27.8
4,4,26.71
4,5,25.72
4,6,24.89
4,7,24.27
4,8,23.92
5,0,31.8
5,1,31.37
5,2,30.45
5,3,29.11
5,4,27.66
5,5,26.37
5,6,25.36
5,7,24.64
5,8,24.26
6,0,33.78
6,1,33.16
6,2,31.95
6,3,30.3
6,4,28.54
6,5,27.0
6,6,25.83
6,7,25.04
6,8,24.64
7,0,35.17
7,1,34.41
7,2,33.04
7,3,31.22
7,4,29.24
7,5,27.5
7,6,26.21
7,7,25.39
7,8,24.99
8,0,35.75
8,1,34.95
8,2,33.57
8,3,31.72
8,4,29.66
8,5,27.79
8,6,26.43
8,7,25.59
8,8,25.18
0,0,24.82
0,1,24.89
0,2,24.93
0,3,24.88
0,4,24.68
0,5,24.35
0,6,23.94
0,7,23.57
0,8,23.35
1,0,25.3
1,1,25.34
1,2,25.32
1,3,25.16
1,4,24.87
1,5,24.46
1,6,24.01
1,7,23.61
1,8,23.37
2,0,26.28
2,1,26.26
2,2,26.11
2,3,25.75
2,4,25.26
2,5,24.73
2,6,24.2
2,7,23.75
2,8,23.48
3,0,27.75
3,1,27.63
3,2,27.28
3,3,26.65
3,4,25.9
3,5,25.17
3,6,24.52
3,7,23.99
3,8,23.68
4,0,29.64
4,1,29.38
4,2,28.76
4,3,27.8
4,4,26.73
4,5,25.75
4,6,24.92
4,7,24.31
4,8,23.96
5,0,31.73
5,1,31.29
5,2,30.38
5,3,29.08
5,4,27.67
5,5,26.4
5,6,25.39
5,7,24.68
5,8,24.31
6,0,33.64
6,1,33.03
6,2,31.86
6,3,30.26
6,4,28.55
6,5,27.03
6,6,25.86
6,7,25.08
6,8,24.69
7,0,34.99
7,1,34.26
7,2,32.92
7,3,31.15
7,4,29.24
7,5,27.53
7,6,26.25
7,7,25.42
7,8,25.02
8,0,35.59
8,1,34.82
8,2,33.46
8,3,31.64
8,4,29.63
8,5,27.82
8,6,26.47
8,7,25.62
8,8,25.21
0,0,24.88
0,1,24.94
0,2,24.97
0,3,24.9
0,4,24.69
0,5,24.35
0,6,23.95
0,7,23.59
0,8,23.38
1,0,25.36
1,1,25.39
1,2,25.35
1,3,25.18
1,4,24.88
1,5,24.47
1,6,24.03
1,7,23.64
1,8,23.41
2,0,26.34
2,1,26.3
2,2,26.13
2,3,25.77
2,4,25.29
2,5,24.75
2,6,24.22
2,7,23.78
2,8,23.52
3,0,27.79
3,1,27.65
3,2,27.28
3,3,26.66
3,4,25.92
3,5,25.2
3,6,24.54
3,7,24.02
3,8,23.73
4,0,29.63
4,1,29.36
4,2,28.74
4,3,27.8
4,4,26.75
4,5,25.77
4,6,24.95
4,7,24.34
4,8,24.01
5,0,31.65
5,1,31.22
5,2,30.32
5,3,29.06
5,4,27.68
5,5,26.43
5,6,25.43
5,7,24.72
5,8,24.36
6,0,33.51
6,1,32.91
6,2,31.76
6,3,30.21
6,4,28.55
6,5,27.05
6,6,25.9
6,7,25.12
6,8,24.73
7,0,34.82
7,1,34.11
7,2,32.81
7,3,31.09
7,4,29.23
7,5,27.55
7,6,26.28
7,7,25.46
7,8,25.05
8,0,35.43
8,1,34.69
8,2,33.34
8,3,31.56
8,4,29.61
8,5,27.84
8,6,26.5
8,7,25.65
8,8,25.23

Timestep: 15 s
0,0,24.94
0,1,24.98
0,2,25.0
0,3,24.91
0,4,24.7
0,5,24.36
0,6,23.97
0,7,23.61
0,8,23.41
1,0,25.42
1,1,25.43
1,2,25.38
1,3,25.2
1,4,24.89
1,5,24.49
1,6,24.05
1,7,23.67
1,8,23.44
2,0,26.38
2,1,26.33
2,2,26.15
2,3,25.79
2,4,25.31
2,5,24.77
2,6,24.25
2,7,23.81
2,8,23.56
3,0,27.81
3,1,27.66
3,2,27.29
3,3,26.68
3,4,25.95
3,5,25.22
3,6,24.57
3,7,24.06
3,8,23.77
4,0,29.62
4,1,29.33
4,2,28.72
4,3,27.8
4,4,26.77
4,5,25.8
4,6,24.99
4,7,24.38
4,8,24.06
5,0,31.58
5,1,31.15
5,2,30.26
5,3,29.03
5,4,27.68
5,5,26.45
5,6,25.46
5,7,24.76
5,8,24.4
6,0,33.38
6,1,32.79
6,2,31.67
6,3,30.17
6,4,28.54
6,5,27.08
6,6,25.93
6,7,25.16
6,8,24.77
7,0,34.66
7,1,33.97
7,2,32.71
7,3,31.03
7,4,29.21
7,5,27.57
7,6,26.31
7,7,25.49
7,8,25.08
8,0,35.28
8,1,34.55
8,2,33.23
8,3,31.49
8,4,29.59
8,5,27.85
8,6,26.53
8,7,25.68
8,8,25.26
0,0,25.0
0,1,25.03
0,2,25.03
0,3,24.93
0,4,24.71
0,5,24.37
0,6,23.98
0,7,23.64
0,8,23.44
1,0,25.48
1,1,25.48
1,2,25.41
1,3,25.22
1,4,24.91
1,5,24.5
1,6,24.07
1,7,23.7
1,8,23.48
2,0,26.43
2,1,26.37
2,2,26.17
2,3,25.81
2,4,25.33
2,5,24.79
2,6,24.27
2,7,23.84
2,8,23.6
3,0,27.84
3,1,27.68
3,2,27.29
3,3,26.69
3,4,25.97
3,5,25.24
3,6,24.6
3,7,24.09
3,8,23.81
4,0,29.6
4,1,29.31
4,2,28.7
4,3,27.8
4,4,26.79
4,5,25.83
4,6,25.02
4,7,24.42
4,8,24.1
5,0,31.51
5,1,31.08
5,2,30.21
5,3,29.01
5,4,27.69
5,5,26.48
5,6,25.49
5,7,24.8
5,8,24.44
6,0,33.25
6,1,32.68
6,2,31.59
6,3,30.12
6,4,28.54
6,5,27.1
6,6,25.96
6,7,25.19
6,8,24.8
7,0,34.51
7,1,33.84
7,2,32.6
7,3,30.97
7,4,29.2
7,5,27.59
7,6,26.34
7,7,25.52
7,8,25.11
8,0,35.12
8,1,34.42
8,2,33.12
8,3,31.42
8,4,29.56
8,5,27.87
8,6,26.56
8,7,25.7
8,8,25.29
0,0,25.06
0,1,25.08
0,2,25.06
0,3,24.95
0,4,24.72
0,5,24.38
0,6,24.0
0,7,23.66
0,8,23.46
1,0,25.53
1,1,25.52
1,2,25.44
1,3,25.24
1,4,24.92
1,5,24.52
1,6,24.09
1,7,23.72
1,8,23.51
2,0,26.47
2,1,26.4
2,2,26.2
2,3,25.83
2,4,25.35
2,5,24.81
2,6,24.3
2,7,23.88
2,8,23.64
3,0,27.86
3,1,27.69
3,2,27.3
3,3,26.7
3,4,25.99
3,5,25.27
3,6,24.62
3,7,24.13
3,8,23.85
4,0,29.58
4,1,29.29
4,2,28.68
4,3,27.8
4,4,26.8
4,5,25.85
4,6,25.05
4,7,24.46
4,8,24.14
5,0,31.44
5,1,31.01
5,2,30.16
5,3,28.98
5,4,27.7
5,5,26.5
5,6,25.53
5,7,24.84
5,8,24.49
6,0,33.13
6,1,32.57
6,2,31.5
6,3,30.08
6,4,28.53
6,5,27.12
6,6,25.99
6,7,25.23
6,8,24.84
7,0,34.36
7,1,33.71
7,2,32.5
7,3,30.91
7,4,29.18
7,5,27.61
7,6,26.37
7,7,25.55
7,8,25.14
8,0,34.97
8,1,34.28
8,2,33.02
8,3,31.35
8,4,29.54
8,5,27.88
8,6,26.58
8,7,25.73
8,8,25.32
0,0,25.12
0,1,25.13
0,2,25.1
0,3,24.97
0,4,24.73
0,5,24.39
0,6,24.01
0,7,23.68
0,8,23.49
1,0,25.58
1,1,25.56
1,2,25.47
1,3,25.26
1,4,24.94
1,5,24.53
1,6,24.11
1,7,23.75
1,8,23.55
2,0,26.52
2,1,26.43
2,2,26.22
2,3,25.85
2,4,25.37
2,5,24.83
2,6,24.32
2,7,23.91
2,8,23.68
3,0,27.88
3,1,27.7
3,2,27.31
3,3,26.71
3,4,26.01
3,5,25.29
3,6,24.65
3,7,24.16
3,8,23.89
4,0,29.56
4,1,29.27
4,2,28.66
4,3,27.79
4,4,26.82
4,5,25.88
4,6,25.08
4,7,24.5
4,8,24.19
5,0,31.37
5,1,30.94
5,2,30.1
5,3,28.96
5,4,27.7
5,5,26.52
5,6,25.56
5,7,24.88
5,8,24.53
6,0,33.02
6,1,32.46
6,2,31.42
6,3,30.03
6,4,28.52
6,5,27.14
6,6,26.03
6,7,25.27
6,8,24.88
7,0,34.21
7,1,33.58
7,2,32.4
7,3,30.85
7,4,29.16
7,5,27.62
7,6,26.4
7,7,25.58
7,8,25.18
8,0,34.82
8,1,34.15
8,2,32.91
8,3,31.28
8,4,29.51
8,5,27.89
8,6,26.61
8,7,25.76
8,8,25.34
0,0,25.17
0,1,25.17
0,2,25.13
0,3,24.99
0,4,24.74
0,5,24.4
0,6,24.03
0,7,23.71
0,8,23.52
1,0,25.63
1,1,25.6
1,2,25.5
1,3,25.28
1,4,24.95
1,5,24.55
1,6,24.13
1,7,23.78
1,8,23.58
2,0,26.55
2,1,26.46
2,2,26.24
2,3,25.87
2,4,25.38
2,5,24.85
2,6,24.35
2,7,23.94
2,8,23.71
3,0,27.89
3,1,27.71
3,2,27.31
3,3,26.73
3,4,26.02
3,5,25.31
3,6,24.68
3,7,24.2
3,8,23.93
4,0,29.54
4,1,29.24
4,2,28.64
4,3,27.79
4,4,26.83
4,5,25.9
4,6,25.11
4,7,24.53
4,8,24.23
5,0,31.3
5,1,30.88
5,2,30.05
5,3,28.94
5,4,27.7
5,5,26.54
5,6,25.59
5,7,24.92
5,8,24.57
6,0,32.9
6,1,32.36
6,2,31.34
6,3,29.99
6,4,28.52
6,5,27.15
6,6,26.05
6,7,25.3
6,8,24.92
7,0,34.07
7,1,33.45
7,2,32.3
7,3,30.79
7,4,29.15
7,5,27.63
7,6,26.43
7,7,25.61
7,8,25.21
8,0,34.67
8,1,34.02
8,2,32.81
8,3,31.22
8,4,29.49
8,5,27.9
8,6,26.64
8,7,25.79
8,8,25.37

Timestep: 20 s
0,0,25.22
0,1,25.22
0,2,25.16
0,3,25.01
0,4,24.76
0,5,24.42
0,6,24.05
0,7,23.73
0,8,23.55
1,0,25.68
1,1,25.64
1,2,25.53
1,3,25.3
1,4,24.97
1,5,24.57
1,6,24.15
1,7,23.81
1,8,23.61
2,0,26.59
2,1,26.49
2,2,26.26
2,3,25.89
2,4,25.4
2,5,24.87
2,6,24.37
2,7,23.97
2,8,23.75
3,0,27.91
3,1,27.72
3,2,27.32
3,3,26.74
3,4,26.04
3,5,25.34
3,6,24.71
3,7,24.23
3,8,23.97
4,0,29.52
4,1,29.22
4,2,28.62
4,3,27.79
4,4,26.84
4,5,25.92
4,6,25.14
4,7,24.57
4,8,24.27
5,0,31.24
5,1,30.81
5,2,30.01
5,3,28.91
5,4,27.7
5,5,26.56
5,6,25.62
5,7,24.96
5,8,24.61
6,0,32.79
6,1,32.26
6,2,31.27
6,3,29.95
6,4,28.51
6,5,27.17
6,6,26.08
6,7,25.34
6,8,24.96
7,0,33.94
7,1,33.33
7,2,32.21
7,3,30.73
7,4,29.13
7,5,27.64
7,6,26.45
7,7,25.65
7,8,25.24
8,0,34.53
8,1,33.89
8,2,32.71
8,3,31.15
8,4,29.47
8,5,27.9
8,6,26.66
8,7,25.82
8,8,25.4
0,0,25.28
0,1,25.26
0,2,25.19
0,3,25.03
0,4,24.77
0,5,24.43
0,6,24.07
0,7,23.76
0,8,23.58
1,0,25.73
1,1,25.68
1,2,25.56
1,3,25.33
1,4,24.99
1,5,24.58
1,6,24.17
1,7,23.84
1,8,23.64
2,0,26.63
2,1,26.52
2,2,26.28
2,3,25.9
2,4,25.42
2,5,24.9
2,6,24.4
2,7,24.0
2,8,23.78
3,0,27.92
3,1,27.72
3,2,27.33
3,3,26.75
3,4,26.06
3,5,25.36
3,6,24.74
3,7,24.27
3,8,24.01
4,0,29.5
4,1,29.2
4,2,28.6
4,3,27.78
4,4,26.85
4,5,25.94
4,6,25.17
4,7,24.61
4,8,24.31
5,0,31.17
5,1,30.75
5,2,29.96
5,3,28.89
5,4,27.7
5,5,26.58
5,6,25.65
5,7,24.99
5,8,24.65
6,0,32.68
6,1,32.17
6,2,31.19
6,3,29.9
6,4,28.5
6,5,27.18
6,6,26.11
6,7,25.37
6,8,24.99
7,0,33.81
7,1,33.21
7,2,32.12
7,3,30.67
7,4,29.11
7,5,27.65
7,6,26.48
7,7,25.68
7,8,25.27
8,0,34.39
8,1,33.76
8,2,32.61
8,3,31.09
8,4,29.44
8,5,27.91
8,6,26.68
8,7,25.85
8,8,25.43
0,0,25.33
0,1,25.3
0,2,25.23
0,3,25.06
0,4,24.79
0,5,24.45
0,6,24.09
0,7,23.78
0,8,23.61
1,0,25.78
1,1,25.72
1,2,25.59
1,3,25.35
1,4,25.01
1,5,24.6
1,6,24.2
1,7,23.86
1,8,23.67
2,0,26.66
2,1,26.55
2,2,26.3
2,3,25.92
2,4,25.44
2,5,24.92
2,6,24.42
2,7,24.03
2,8,23.82
3,0,27.93
3,1,27.73
3,2,27.33
3,3,26.76
3,4,26.08
3,5,25.38
3,6,24.77
3,7,24.3
3,8,24.05
4,0,29.47
4,1,29.17
4,2,28.59
4,3,27.78
4,4,26.86
4,5,25.96
4,6,25.2
4,7,24.64
4,8,24.35
5,0,31.1
5,1,30.69
5,2,29.91
5,3,28.86
5,4,27.7
5,5,26.6
5,6,25.68
5,7,25.03
5,8,24.69
6,0,32.58
6,1,32.07
6,2,31.12
6,3,29.86
6,4,28.49
6,5,27.19
6,6,26.14
6,7,25.4
6,8,25.03
7,0,33.68
7,1,33.1
7,2,32.03
7,3,30.62
7,4,29.09
7,5,27.66
7,6,26.5
7,7,25.71
7,8,25.31
8,0,34.25
8,1,33.64
8,2,32.51
8,3,31.03
8,4,29.42
8,5,27.91
8,6,26.7
8,7,25.88
8,8,25.46
0,0,25.37
0,1,25.34
0,2,25.26
0,3,25.08
0,4,24.81
0,5,24.46
0,6,24.11
0,7,23.81
0,8,23.63
1,0,25.82
1,1,25.76
1,2,25.62
1,3,25.37
1,4,25.02
1,5,24.62
1,6,24.22
1,7,23.89
1,8,23.7
2,0,26.69
2,1,26.57
2,2,26.32
2,3,25.94
2,4,25.46
2,5,24.94
2,6,24.45
2,7,24.07
2,8,23.85
3,0,27.94
3,1,27.74
3,2,27.34
3,3,26.77
3,4,26.09
3,5,25.4
3,6,24.79
3,7,24.33
3,8,24.09
4,0,29.45
4,1,29.15
4,2,28.57
4,3,27.77
4,4,26.87
4,5,25.99
4,6,25.23
4,7,24.68
4,8,24.39
5,0,31.04
5,1,30.63
5,2,29.87
5,3,28.84
5,4,27.7
5,5,26.61
5,6,25.71
5,7,25.06
5,8,24.73
6,0,32.48
6,1,31.98
6,2,31.05
6,3,29.82
6,4,28.47
6,5,27.21
6,6,26.16
6,7,25.44
6,8,25.07
7,0,33.55
7,1,32.99
7,2,31.94
7,3,30.56
7,4,29.07
7,5,27.67
7,6,26.52
7,7,25.74
7,8,25.34
8,0,34.11
8,1,33.52
8,2,32.41
8,3,30.96
8,4,29.39
8,5,27.92
8,6,26.72
8,7,25.91
8,8,25.49
0,0,25.42
0,1,25.39
0,2,25.29
0,3,25.1
0,4,24.82
0,5,24.48
0,6,24.13
0,7,23.83
0,8,23.66
1,0,25.86
1,1,25.8
1,2,25.64
1,3,25.39
1,4,25.04
1,5,24.64
1,6,24.24
1,7,23.92
1,8,23.73
2,0,26.72
2,1,26.6
2,2,26.34
2,3,25.96
2,4,25.48
2,5,24.96
2,6,24.47
2,7,24.1
2,8,23.89
3,0,27.94
3,1,27.74
3,2,27.34
3,3,26.77
3,4,26.11
3,5,25.43
3,6,24.82
3,7,24.37
3,8,24.12
4,0,29.42
4,1,29.12
4,2,28.55
4,3,27.77
4,4,26.88
4,5,26.01
4,6,25.26
4,7,24.71
4,8,24.43
5,0,30.97
5,1,30.58
5,2,29.83
5,3,28.82
5,4,27.7
5,5,26.63
5,6,25.73
5,7,25.1
5,8,24.77
6,0,32.38
6,1,31.89
6,2,30.98
6,3,29.78
6,4,28.46
6,5,27.22
6,6,26.19
6,7,25.47
6,8,25.1
7,0,33.43
7,1,32.88
7,2,31.85
7,3,30.51
7,4,29.05
7,5,27.67
7,6,26.55
7,7,25.77
7,8,25.37
8,0,33.98
8,1,33.4
8,2,32.32
8,3,30.9
8,4,29.36
8,5,27.92
8,6,26.74
8,7,25.93
8,8,25.52

Timestep: 25 s
0,0,25.47
0,1,25.43
0,2,25.32
0,3,25.12
0,4,24.84
0,5,24.5
0,6,24.15
0,7,23.86
0,8,23.69
1,0,25.9
1,1,25.83
1,2,25.67
1,3,25.41
1,4,25.06
1,5,24.66
1,6,24.26
1,7,23.94
1,8,23.77
2,0,26.75
2,1,26.62
2,2,26.36
2,3,25.98
2,4,25.5
2,5,24.98
2,6,24.5
2,7,24.13
2,8,23.92
3,0,27.95
3,1,27.75
3,2,27.35
3,3,26.78
3,4,26.12
3,5,25.45
3,6,24.85
3,7,24.4
3,8,24.16
4,0,29.4
4,1,29.1
4,2,28.53
4,3,27.76
4,4,26.89
4,5,26.02
4,6,25.29
4,7,24.75
4,8,24.46
5,0,30.91
5,1,30.52
5,2,29.78
5,3,28.8
5,4,27.7
5,5,26.65
5,6,25.76
5,7,25.13
5,8,24.8
6,0,32.28
6,1,31.81
6,2,30.92
6,3,29.74
6,4,28.45
6,5,27.23
6,6,26.21
6,7,25.5
6,8,25.14
7,0,33.31
7,1,32.77
7,2,31.77
7,3,30.46
7,4,29.03
7,5,27.68
7,6,26.57
7,7,25.8
7,8,25.4
8,0,33.85
8,1,33.28
8,2,32.23
8,3,30.84
8,4,29.34
8,5,27.92
8,6,26.76
8,7,25.96
8,8,25.55
0,0,25.51
0,1,25.46
0,2,25.35
0,3,25.15
0,4,24.86
0,5,24.52
0,6,24.17
0,7,23.88
0,8,23.72
1,0,25.94
1,1,25.86
1,2,25.7
1,3,25.43
1,4,25.08
1,5,24.68
1,6,24.29
1,7,23.97
1,8,23.8
2,0,26.77
2,1,26.64
2,2,26.38
2,3,25.99
2,4,25.51
2,5,25.0
2,6,24.53
2,7,24.16
2,8,23.95
3,0,27.95
3,1,27.75
3,2,27.35
3,3,26.79
3,4,26.14
3,5,25.47
3,6,24.88
3,7,24.43
3,8,24.19
4,0,29.37
4,1,29.08
4,2,28.52
4,3,27.76
4,4,26.89
4,5,26.04
4,6,25.31
4,7,24.78
4,8,24.5
5,0,30.85
5,1,30.47
5,2,29.74
5,3,28.77
5,4,27.7
5,5,26.66
5,6,25.79
5,7,25.16
5,8,24.84
6,0,32.19
6,1,31.72
6,2,30.85
6,3,29.7
6,4,28.44
6,5,27.23
6,6,26.24
6,7,25.53
6,8,25.17
7,0,33.19
7,1,32.67
7,2,31.69
7,3,30.41
7,4,29.0
7,5,27.68
7,6,26.59
7,7,25.82
7,8,25.44
8,0,33.72
8,1,33.17
8,2,32.14
8,3,30.79
8,4,29.31
8,5,27.92
8,6,26.78
8,7,25.99
8,8,25.58
0,0,25.56
0,1,25.5
0,2,25.38
0,3,25.17
0,4,24.88
0,5,24.53
0,6,24.19
0,7,23.91
0,8,23.75
1,0,25.98
1,1,25.9
1,2,25.73
1,3,25.46
1,4,25.1
1,5,24.7
1,6,24.31
1,7,24.0
1,8,23.82
2,0,26.8
2,1,26.67
2,2,26.4
2,3,26.01
2,4,25.53
2,5,25.02
2,6,24.55
2,7,24.19
2,8,23.99
3,0,27.96
3,1,27.75
3,2,27.36
3,3,26.8
3,4,26.15
3,5,25.49
3,6,24.9
3,7,24.46
3,8,24.23
4,0,29.34
4,1,29.05
4,2,28.5
4,3,27.75
4,4,26.9
4,5,26.06
4,6,25.34
4,7,24.81
4,8,24.54
5,0,30.79
5,1,30.41
5,2,29.7
5,3,28.75
5,4,27.69
5,5,26.67
5,6,25.81
5,7,25.2
5,8,24.88
6,0,32.1
6,1,31.64
6,2,30.79
6,3,29.66
6,4,28.42
6,5,27.24
6,6,26.26
6,7,25.56
6,8,25.2
7,0,33.08
7,1,32.56
7,2,31.61
7,3,30.36
7,4,28.98
7,5,27.68
7,6,26.61
7,7,25.85
7,8,25.47
8,0,33.6
8,1,33.05
8,2,32.05
8,3,30.73
8,4,29.29
8,5,27.92
8,6,26.8
8,7,26.01
8,8,25.61
0,0,25.6
0,1,25.54
0,2,25.41
0,3,25.19
0,4,24.9
0,5,24.55
0,6,24.21
0,7,23.93
0,8,23.77
1,0,26.01
1,1,25.93
1,2,25.75
1,3,25.48
1,4,25.12
1,5,24.72
1,6,24.33
1,7,24.03
1,8,23.85
2,0,26.82
2,1,26.69
2,2,26.42
2,3,26.03
2,4,25.55
2,5,25.04
2,6,24.58
2,7,24.22
2,8,24.02
3,0,27.96
3,1,27.75
3,2,27.36
3,3,26.81
3,4,26.16
3,5,25.51
3,6,24.93
3,7,24.5
3,8,24.26
4,0,29.32
4,1,29.03
4,2,28.48
4,3,27.74
4,4,26.91
4,5,26.08
4,6,25.37
4,7,24.85
4,8,24.57
5,0,30.73
5,1,30.36
5,2,29.66
5,3,28.73
5,4,27.69
5,5,26.69
5,6,25.84
5,7,25.23
5,8,24.91
6,0,32.01
6,1,31.56
6,2,30.73
6,3,29.62
6,4,28.41
6,5,27.25
6,6,26.28
6,7,25.59
6,8,25.24
7,0,32.97
7,1,32.46
7,2,31.53
7,3,30.3
7,4,28.96
7,5,27.69
7,6,26.63
7,7,25.88
7,8,25.5
8,0,33.48
8,1,32.95
8,2,31.96
8,3,30.67
8,4,29.26
8,5,27.92
8,6,26.82
8,7,26.04
8,8,25.64
0,0,25.64
0,1,25.58
0,2,25.44
0,3,25.22
0,4,24.92
0,5,24.57
0,6,24.23
0,7,23.96
0,8,23.8
1,0,26.05
1,1,25.96
1,2,25.78
1,3,25.5
1,4,25.14
1,5,24.74
1,6,24.36
1,7,24.05
1,8,23.88
2,0,26.84
2,1,26.71
2,2,26.44
2,3,26.04
2,4,25.57
2,5,25.06
2,6,24.6
2,7,24.24
2,8,24.05
3,0,27.96
3,1,27.76
3,2,27.36
3,3,26.81
3,4,26.18
3,5,25.53
3,6,24.96
3,7,24.53
3,8,24.3
4,0,29.29
4,1,29.01
4,2,28.47
4,3,27.74
4,4,26.91
4,5,26.1
4,6,25.39
4,7,24.88
4,8,24.61
5,0,30.67
5,1,30.31
5,2,29.62
5,3,28.71
5,4,27.69
5,5,26.7
5,6,25.86
5,7,25.26
5,8,24.95
6,0,31.92
6,1,31.48
6,2,30.67
6,3,29.59
6,4,28.4
6,5,27.26
6,6,26.3
6,7,25.62
6,8,25.27
7,0,32.86
7,1,32.37
7,2,31.45
7,3,30.26
7,4,28.94
7,5,27.69
7,6,26.64
7,7,25.91
7,8,25.53
8,0,33.36
8,1,32.84
8,2,31.88
8,3,30.62
8,4,29.23
8,5,27.92
8,6,26.83
8,7,26.06
8,8,25.67

Timestep: 30 s
0,0,25.68
0,1,25.61
0,2,25.47
0,3,25.24
0,4,24.94
0,5,24.59
0,6,24.25
0,7,23.98
0,8,23.83
1,0,26.08
1,1,25.99
1,2,25.8
1,3,25.52
1,4,25.16
1,5,24.76
1,6,24.38
1,7,24.08
1,8,23.91
2,0,26.86
2,1,26.73
2,2,26.45
2,3,26.06
2,4,25.59
2,5,25.09
2,6,24.63
2,7,24.27
2,8,24.08
3,0,27.96
3,1,27.76
3,2,27.36
3,3,26.82
3,4,26.19
3,5,25.55
3,6,24.98
3,7,24.56
3,8,24.33
4,0,29.26
4,1,28.98
4,2,28.45
4,3,27.73
4,4,26.92
4,5,26.11
4,6,25.42
4,7,24.91
4,8,24.64
5,0,30.61
5,1,30.25
5,2,29.58
5,3,28.68
5,4,27.68
5,5,26.71
5,6,25.89
5,7,25.29
5,8,24.98
6,0,31.83
6,1,31.4
6,2,30.61
6,3,29.55
6,4,28.38
6,5,27.26
6,6,26.32
6,7,25.65
6,8,25.3
7,0,32.75
7,1,32.27
7,2,31.38
7,3,30.21
7,4,28.92
7,5,27.69
7,6,26.66
7,7,25.93
7,8,25.56
8,0,33.24
8,1,32.73
8,2,31.79
8,3,30.56
8,4,29.21
8,5,27.92
8,6,26.85
8,7,26.09
8,8,25.7
0,0,25.72
0,1,25.65
0,2,25.5
0,3,25.26
0,4,24.96
0,5,24.61
0,6,24.28
0,7,24.01
0,8,23.86
1,0,26.12
1,1,26.02
1,2,25.83
1,3,25.54
1,4,25.18
1,5,24.78
1,6,24.4
1,7,24.11
1,8,23.94
2,0,26.88
2,1,26.74
2,2,26.47
2,3,26.08
2,4,25.6
2,5,25.11
2,6,24.65
2,7,24.3
2,8,24.11
3,0,27.96
3,1,27.76
3,2,27.37
3,3,26.83
3,4,26.2
3,5,25.57
3,6,25.01
3,7,24.59
3,8,24.36
4,0,29.24
4,1,28.96
4,2,28.43
4,3,27.73
4,4,26.92
4,5,26.13
4,6,25.44
4,7,24.94
4,8,24.68
5,0,30.56
5,1,30.2
5,2,29.54
5,3,28.66
5,4,27.68
5,5,26.72
5,6,25.91
5,7,25.32
5,8,25.01
6,0,31.75
6,1,31.33
6,2,30.55
6,3,29.51
6,4,28.37
6,5,27.27
6,6,26.34
6,7,25.68
6,8,25.34
7,0,32.65
7,1,32.18
7,2,31.31
7,3,30.16
7,4,28.9
7,5,27.69
7,6,26.68
7,7,25.96
7,8,25.59
8,0,33.13
8,1,32.63
8,2,31.71
8,3,30.51
8,4,29.18
8,5,27.92
8,6,26.86
8,7,26.11
8,8,25.73
0,0,25.75
0,1,25.68
0,2,25.53
0,3,25.29
0,4,24.98
0,5,24.63
0,6,24.3
0,7,24.03
0,8,23.88
1,0,26.15
1,1,26.05
1,2,25.85
1,3,25.56
1,4,25.2
1,5,24.8
1,6,24.43
1,7,24.13
1,8,23.97
2,0,26.9
2,1,26.76
2,2,26.48
2,3,26.09
2,4,25.62
2,5,25.13
2,6,24.68
2,7,24.33
2,8,24.14
3,0,27.96
3,1,27.76
3,2,27.37
3,3,26.84
3,4,26.22
3,5,25.59
3,6,25.03
3,7,24.62
3,8,24.4
4,0,29.21
4,1,28.94
4,2,28.42
4,3,27.72
4,4,26.93
4,5,26.15
4,6,25.47
4,7,24.97
4,8,24.71
5,0,30.5
5,1,30.16
5,2,29.51
5,3,28.64
5,4,27.67
5,5,26.73
5,6,25.93
5,7,25.35
5,8,25.05
6,0,31.67
6,1,31.26
6,2,30.49
6,3,29.48
6,4,28.36
6,5,27.27
6,6,26.36
6,7,25.71
6,8,25.37
7,0,32.54
7,1,32.09
7,2,31.23
7,3,30.11
7,4,28.87
7,5,27.69
7,6,26.69
7,7,25.98
7,8,25.62
8,0,33.01
8,1,32.53
8,2,31.63
8,3,30.45
8,4,29.16
8,5,27.92
8,6,26.88
8,7,26.14
8,8,25.76
0,0,25.79
0,1,25.71
0,2,25.55
0,3,25.31
0,4,25.0
0,5,24.65
0,6,24.32
0,7,24.06
0,8,23.91
1,0,26.18
1,1,26.08
1,2,25.88
1,3,25.58
1,4,25.22
1,5,24.82
1,6,24.45
1,7,24.16
1,8,24.0
2,0,26.92
2,1,26.78
2,2,26.5
2,3,26.11
2,4,25.64
2,5,25.15
2,6,24.7
2,7,24.36
2,8,24.18
3,0,27.96
3,1,27.76
3,2,27.37
3,3,26.84
3,4,26.23
3,5,25.61
3,6,25.06
3,7,24.65
3,8,24.43
4,0,29.18
4,1,28.91
4,2,28.4
4,3,27.71
4,4,26.93
4,5,26.16
4,6,25.49
4,7,25.0
4,8,24.74
5,0,30.45
5,1,30.11
5,2,29.47
5,3,28.62
5,4,27.67
5,5,26.74
5,6,25.95
5,7,25.38
5,8,25.08
6,0,31.59
6,1,31.18
6,2,30.43
6,3,29.44
6,4,28.34
6,5,27.28
6,6,26.38
6,7,25.73
6,8,25.4
7,0,32.44
7,1,32.0
7,2,31.16
7,3,30.06
7,4,28.85
7,5,27.69
7,6,26.71
7,7,26.01
7,8,25.65
8,0,32.9
8,1,32.43
8,2,31.55
8,3,30.4
8,4,29.13
8,5,27.91
8,6,26.89
8,7,26.16
8,8,25.78
0,0,25.83
0,1,25.75
0,2,25.58
0,3,25.34
0,4,25.02
0,5,24.68
0,6,24.34
0,7,24.08
0,8,23.94
1,0,26.21
1,1,26.1
1,2,25.9
1,3,25.6
1,4,25.24
1,5,24.84
1,6,24.47
1,7,24.19
1,8,24.03
2,0,26.94
2,1,26.79
2,2,26.52
2,3,26.12
2,4,25.66
2,5,25.17
2,6,24.73
2,7,24.39
2,8,24.21
3,0,27.96
3,1,27.76
3,2,27.37
3,3,26.85
3,4,26.24
3,5,25.63
3,6,25.08
3,7,24.68
3,8,24.46
4,0,29.16
4,1,28.89
4,2,28.39
4,3,27.71
4,4,26.94
4,5,26.18
4,6,25.52
4,7,25.03
4,8,24.78
5,0,30.39
5,1,30.06
5,2,29.43
5,3,28.6
5,4,27.66
5,5,26.75
5,6,25.97
5,7,25.41
5,8,25.11
6,0,31.51
6,1,31.11
6,2,30.38
6,3,29.41
6,4,28.33
6,5,27.28
6,6,26.4
6,7,25.76
6,8,25.43
7,0,32.35
7,1,31.91
7,2,31.09
7,3,30.02
7,4,28.83
7,5,27.69
7,6,26.72
7,7,26.03
7,8,25.68
8,0,32.8
8,1,32.34
8,2,31.48
8,3,30.35
8,4,29.1
8,5,27.91
8,6,26.9
8,7,26.18
8,8,25.81

Timestep: 35 s
0,0,25.86
0,1,25.78
0,2,25.61
0,3,25.36
0,4,25.04
0,5,24.7
0,6,24.37
0,7,24.11
0,8,23.96
1,0,26.23
1,1,26.13
1,2,25.92
1,3,25.63
1,4,25.26
1,5,24.86
1,6,24.5
1,7,24.21
1,8,24.06
2,0,26.95
2,1,26.81
2,2,26.53
2,3,26.14
2,4,25.67
2,5,25.19
2,6,24.75
2,7,24.42
2,8,24.24
3,0,27.95
3,1,27.75
3,2,27.37
3,3,26.85
3,4,26.25
3,5,25.65
3,6,25.11
3,7,24.71
3,8,24.49
4,0,29.13
4,1,28.87
4,2,28.37
4,3,27.7
4,4,26.94
4,5,26.19
4,6,25.54
4,7,25.06
4,8,24.81
5,0,30.34
5,1,30.01
5,2,29.4
5,3,28.58
5,4,27.66
5,5,26.76
5,6,25.99
5,7,25.44
5,8,25.14
6,0,31.43
6,1,31.05
6,2,30.32
6,3,29.37
6,4,28.31
6,5,27.29
6,6,26.41
6,7,25.79
6,8,25.46
7,0,32.25
7,1,31.82
7,2,31.03
7,3,29.97
7,4,28.81
7,5,27.69
7,6,26.74
7,7,26.06
7,8,25.7
8,0,32.69
8,1,32.24
8,2,31.4
8,3,30.3
8,4,29.08
8,5,27.9
8,6,26.91
8,7,26.21
8,8,25.84
0,0,25.89
0,1,25.81
0,2,25.64
0,3,25.38
0,4,25.06
0,5,24.72
0,6,24.39
0,7,24.13
0,8,23.99
1,0,26.26
1,1,26.16
1,2,25.95
1,3,25.65
1,4,25.28
1,5,24.89
1,6,24.52
1,7,24.24
1,8,24.08
2,0,26.97
2,1,26.82
2,2,26.54
2,3,26.15
2,4,25.69
2,5,25.21
2,6,24.77
2,7,24.44
2,8,24.27
3,0,27.95
3,1,27.75
3,2,27.38
3,3,26.86
3,4,26.26
3,5,25.66
3,6,25.13
3,7,24.74
3,8,24.52
4,0,29.1
4,1,28.84
4,2,28.35
4,3,27.69
4,4,26.95
4,5,26.21
4,6,25.56
4,7,25.09
4,8,24.84
5,0,30.29
5,1,29.97
5,2,29.36
5,3,28.56
5,4,27.65
5,5,26.77
5,6,26.01
5,7,25.46
5,8,25.18
6,0,31.36
6,1,30.98
6,2,30.27
6,3,29.34
6,4,28.3
6,5,27.29
6,6,26.43
6,7,25.81
6,8,25.49
7,0,32.16
7,1,31.74
7,2,30.96
7,3,29.93
7,4,28.79
7,5,27.69
7,6,26.75
7,7,26.08
7,8,25.73
8,0,32.59
8,1,32.15
8,2,31.33
8,3,30.25
8,4,29.05
8,5,27.9
8,6,26.93
8,7,26.23
8,8,25.87
0,0,25.93
0,1,25.84
0,2,25.66
0,3,25.41
0,4,25.09
0,5,24.74
0,6,24.41
0,7,24.16
0,8,24.02
1,0,26.29
1,1,26.18
1,2,25.97
1,3,25.67
1,4,25.3
1,5,24.91
1,6,24.54
1,7,24.27
1,8,24.11
2,0,26.98
2,1,26.84
2,2,26.56
2,3,26.17
2,4,25.71
2,5,25.23
2,6,24.8
2,7,24.47
2,8,24.3
3,0,27.95
3,1,27.75
3,2,27.38
3,3,26.86
3,4,26.28
3,5,25.68
3,6,25.16
3,7,24.76
3,8,24.56
4,0,29.08
4,1,28.82
4,2,28.34
4,3,27.69
4,4,26.95
4,5,26.22
4,6,25.58
4,7,25.12
4,8,24.87
5,0,30.24
5,1,29.92
5,2,29.33
5,3,28.54
5,4,27.65
5,5,26.78
5,6,26.03
5,7,25.49
5,8,25.21
6,0,31.28
6,1,30.91
6,2,30.22
6,3,29.3
6,4,28.28
6,5,27.29
6,6,26.45
6,7,25.84
6,8,25.52
7,0,32.07
7,1,31.66
7,2,30.89
7,3,29.88
7,4,28.77
7,5,27.68
7,6,26.77
7,7,26.1
7,8,25.76
8,0,32.49
8,1,32.06
8,2,31.26
8,3,30.2
8,4,29.03
8,5,27.9
8,6,26.94
8,7,26.25
8,8,25.89
0,0,25.96
0,1,25.87
0,2,25.69
0,3,25.43
0,4,25.11
0,5,24.76
0,6,24.44
0,7,24.18
0,8,24.05
1,0,26.31
1,1,26.21
1,2,25.99
1,3,25.69
1,4,25.32
1,5,24.93
1,6,24.57
1,7,24.29
1,8,24.14
2,0,27.0
2,1,26.85
2,2,26.57
2,3,26.18
2,4,25.72
2,5,25.25
2,6,24.82
2,7,24.5
2,8,24.32
3,0,27.94
3,1,27.75
3,2,27.38
3,3,26.87
3,4,26.29
3,5,25.7
3,6,25.18
3,7,24.79
3,8,24.59
4,0,29.05
4,1,28.8
4,2,28.32
4,3,27.68
4,4,26.95
4,5,26.23
4,6,25.61
4,7,25.14
4,8,24.9
5,0,30.19
5,1,29.88
5,2,29.29
5,3,28.52
5,4,27.64
5,5,26.79
5,6,26.05
5,7,25.52
5,8,25.24
6,0,31.21
6,1,30.85
6,2,30.17
6,3,29.27
6,4,28.27
6,5,27.3
6,6,26.46
6,7,25.86
6,8,25.55
7,0,31.98
7,1,31.58
7,2,30.83
7,3,29.84
7,4,28.74
7,5,27.68
7,6,26.78
7,7,26.13
7,8,25.79
8,0,32.39
8,1,31.97
8,2,31.18
8,3,30.15
8,4,29.0
8,5,27.89
8,6,26.95
8,7,26.27
8,8,25.92
0,0,25.99
0,1,25.9
0,2,25.71
0,3,25.45
0,4,25.13
0,5,24.78
0,6,24.46
0,7,24.21
0,8,24.07
1,0,26.34
1,1,26.23
1,2,26.01
1,3,25.71
1,4,25.34
1,5,24.95
1,6,24.59
1,7,24.32
1,8,24.17
2,0,27.01
2,1,26.87
2,2,26.59
2,3,26.2
2,4,25.74
2,5,25.27
2,6,24.85
2,7,24.53
2,8,24.35
3,0,27.94
3,1,27.75
3,2,27.38
3,3,26.88
3,4,26.3
3,5,25.72
3,6,25.2
3,7,24.82
3,8,24.62
4,0,29.03
4,1,28.78
4,2,28.31
4,3,27.67
4,4,26.96
4,5,26.25
4,6,25.63
4,7,25.17
4,8,24.93
5,0,30.14
5,1,29.83
5,2,29.26
5,3,28.5
5,4,27.64
5,5,26.8
5,6,26.07
5,7,25.54
5,8,25.27
6,0,31.14
6,1,30.78
6,2,30.12
6,3,29.24
6,4,28.26
6,5,27.3
6,6,26.48
6,7,25.89
6,8,25.58
7,0,31.89
7,1,31.5
7,2,30.77
7,3,29.8
7,4,28.72
7,5,27.68
7,6,26.79
7,7,26.15
7,8,25.81
8,0,32.3
8,1,31.88
8,2,31.12
8,3,30.1
8,4,28.98
8,5,27.89
8,6,26.96
8,7,26.29
8,8,25.94

Timestep: 40 s
0,0,26.02
0,1,25.92
0,2,25.74
0,3,25.47
0,4,25.15
0,5,24.81
0,6,24.48
0,7,24.24
0,8,24.1
1,0,26.36
1,1,26.25
1,2,26.03
1,3,25.73
1,4,25.36
1,5,24.97
1,6,24.62
1,7,24.34
1,8,24.2
2,0,27.02
2,1,26.88
2,2,26.6
2,3,26.21
2,4,25.76
2,5,25.29
2,6,24.87
2,7,24.55
2,8,24.38
3,0,27.94
3,1,27.74
3,2,27.38
3,3,26.88
3,4,26.31
3,5,25.73
3,6,25.23
3,7,24.85
3,8,24.65
4,0,29.0
4,1,28.75
4,2,28.29
4,3,27.67
4,4,26.96
4,5,26.26
4,6,25.65
4,7,25.2
4,8,24.96
5,0,30.09
5,1,29.79
5,2,29.23
5,3,28.48
5,4,27.63
5,5,26.8
5,6,26.09
5,7,25.57
5,8,25.29
6,0,31.07
6,1,30.72
6,2,30.07
6,3,29.2
6,4,28.24
6,5,27.3
6,6,26.49
6,7,25.91
6,8,25.6
7,0,31.81
7,1,31.42
7,2,30.71
7,3,29.76
7,4,28.7
7,5,27.68
7,6,26.8
7,7,26.17
7,8,25.84
8,0,32.2
8,1,31.8
8,2,31.05
8,3,30.05
8,4,28.95
8,5,27.88
8,6,26.97
8,7,26.31
8,8,25.97
0,0,26.05
0,1,25.95
0,2,25.76
0,3,25.5
0,4,25.17
0,5,24.83
0,6,24.51
0,7,24.26
0,8,24.13
1,0,26.39
1,1,26.27
1,2,26.05
1,3,25.75
1,4,25.38
1,5,24.99
1,6,24.64
1,7,24.37
1,8,24.22
2,0,27.04
2,1,26.89
2,2,26.61
2,3,26.22
2,4,25.77
2,5,25.31
2,6,24.89
2,7,24.58
2,8,24.41
3,0,27.93
3,1,27.74
3,2,27.38
3,3,26.89
3,4,26.32
3,5,25.75
3,6,25.25
3,7,24.87
3,8,24.67
4,0,28.97
4,1,28.73
4,2,28.27
4,3,27.66
4,4,26.96
4,5,26.27
4,6,25.67
4,7,25.23
4,8,24.99
5,0,30.04
5,1,29.75
5,2,29.19
5,3,28.46
5,4,27.63
5,5,26.81
5,6,26.11
5,7,25.59
5,8,25.32
6,0,31.0
6,1,30.66
6,2,30.02
6,3,29.17
6,4,28.23
6,5,27.3
6,6,26.51
6,7,25.93
6,8,25.63
7,0,31.72
7,1,31.35
7,2,30.64
7,3,29.71
7,4,28.68
7,5,27.67
7,6,26.81
7,7,26.19
7,8,25.87
8,0,32.11
8,1,31.72
8,2,30.98
8,3,30.01
8,4,28.93
8,5,27.88
8,6,26.98
8,7,26.33
8,8,25.99
0,0,26.07
0,1,25.98
0,2,25.79
0,3,25.52
0,4,25.19
0,5,24.85
0,6,24.53
0,7,24.29
0,8,24.15
1,0,26.41
1,1,26.29
1,2,26.07
1,3,25.77
1,4,25.4
1,5,25.01
1,6,24.66
1,7,24.4
1,8,24.25
2,0,27.05
2,1,26.9
2,2,26.62
2,3,26.24
2,4,25.79
2,5,25.33
2,6,24.92
2,7,24.61
2,8,24.44
3,0,27.93
3,1,27.74
3,2,27.38
3,3,26.89
3,4,26.33
3,5,25.77
3,6,25.27
3,7,24.9
3,8,24.7
4,0,28.95
4,1,28.71
4,2,28.26
4,3,27.65
4,4,26.97
4,5,26.28
4,6,25.69
4,7,25.25
4,8,25.02
5,0,30.0
5,1,29.71
5,2,29.16
5,3,28.44
5,4,27.62
5,5,26.82
5,6,26.13
5,7,25.62
5,8,25.35
6,0,30.94
6,1,30.6
6,2,29.97
6,3,29.14
6,4,28.21
6,5,27.3
6,6,26.52
6,7,25.95
6,8,25.66
7,0,31.64
7,1,31.27
7,2,30.59
7,3,29.67
7,4,28.66
7,5,27.67
7,6,26.83
7,7,26.21
7,8,25.89
8,0,32.02
8,1,31.63
8,2,30.91
8,3,29.96
8,4,28.9
8,5,27.87
8,6,26.99
8,7,26.35
8,8,26.02
0,0,26.1
0,1,26.0
0,2,25.81
0,3,25.54
0,4,25.22
0,5,24.87
0,6,24.56
0,7,24.31
0,8,24.18
1,0,26.43
1,1,26.32
1,2,26.09
1,3,25.78
1,4,25.42
1,5,25.04
1,6,24.69
1,7,24.42
1,8,24.28
2,0,27.06
2,1,26.91
2,2,26.63
2,3,26.25
2,4,25.81
2,5,25.35
2,6,24.94
2,7,24.63
2,8,24.47
3,0,27.92
3,1,27.73
3,2,27.38
3,3,26.89
3,4,26.34
3,5,25.78
3,6,25.29
3,7,24.93
3,8,24.73
4,0,28.92
4,1,28.69
4,2,28.24
4,3,27.65
4,4,26.97
4,5,26.3
4,6,25.71
4,7,25.28
4,8,25.05
5,0,29.95
5,1,29.67
5,2,29.13
5,3,28.42
5,4,27.61
5,5,26.83
5,6,26.14
5,7,25.64
5,8,25.38
6,0,30.87
6,1,30.54
6,2,29.93
6,3,29.11
6,4,28.2
6,5,27.3
6,6,26.54
6,7,25.98
6,8,25.68
7,0,31.56
7,1,31.2
7,2,30.53
7,3,29.63
7,4,28.64
7,5,27.67
7,6,26.84
7,7,26.23
7,8,25.92
8,0,31.93
8,1,31.55
8,2,30.85
8,3,29.92
8,4,28.88
8,5,27.86
8,6,27.0
8,7,26.37
8,8,26.04
0,0,26.13
0,1,26.03
0,2,25.83
0,3,25.56
0,4,25.24
0,5,24.89
0,6,24.58
0,7,24.34
0,8,24.21
1,0,26.45
1,1,26.34
1,2,26.11
1,3,25.8
1,4,25.44
1,5,25.06
1,6,24.71
1,7,24.45
1,8,24.31
2,0,27.07
2,1,26.92
2,2,26.65
2,3,26.26
2,4,25.82
2,5,25.37
2,6,24.96
2,7,24.66
2,8,24.5
3,0,27.91
3,1,27.73
3,2,27.38
3,3,26.9
3,4,26.35
3,5,25.8
3,6,25.31
3,7,24.95
3,8,24.76
4,0,28.9
4,1,28.67
4,2,28.23
4,3,27.64
4,4,26.97
4,5,26.31
4,6,25.73
4,7,25.3
4,8,25.08
5,0,29.91
5,1,29.62
5,2,29.1
5,3,28.4
5,4,27.61
5,5,26.83
5,6,26.16
5,7,25.67
5,8,25.41
6,0,30.81
6,1,30.48
6,2,29.88
6,3,29.08
6,4,28.18
6,5,27.31
6,6,26.55
6,7,26.0
6,8,25.71
7,0,31.48
7,1,31.13
7,2,30.47
7,3,29.59
7,4,28.62
7,5,27.66
7,6,26.85
7,7,26.25
7,8,25.94
8,0,31.85
8,1,31.48
8,2,30.79
8,3,29.87
8,4,28.85
8,5,27.86
8,6,27.01
8,7,26.39
8,8,26.06

Timestep: 45 s
0,0,26.15
0,1,26.05
0,2,25.86
0,3,25.58
0,4,25.26
0,5,24.92
0,6,24.6
0,7,24.36
0,8,24.23
1,0,26.47
1,1,26.36
1,2,26.13
1,3,25.82
1,4,25.46
1,5,25.08
1,6,24.73
1,7,24.47
1,8,24.33
2,0,27.08
2,1,26.93
2,2,26.66
2,3,26.28
2,4,25.84
2,5,25.39
2,6,24.99
2,7,24.68
2,8,24.52
3,0,27.91
3,1,27.72
3,2,27.38
3,3,26.9
3,4,26.36
3,5,25.82
3,6,25.34
3,7,24.98
3,8,24.79
4,0,28.88
4,1,28.64
4,2,28.21
4,3,27.63
4,4,26.97
4,5,26.32
4,6,25.75
4,7,25.33
4,8,25.1
5,0,29.86
5,1,29.59
5,2,29.07
5,3,28.38
5,4,27.6
5,5,26.84
5,6,26.18
5,7,25.69
5,8,25.43
6,0,30.74
6,1,30.43
6,2,29.84
6,3,29.05
6,4,28.17
6,5,27.31
6,6,26.56
6,7,26.02
6,8,25.73
7,0,31.41
7,1,31.06
7,2,30.41
7,3,29.56
7,4,28.6
7,5,27.66
7,6,26.86
7,7,26.27
7,8,25.96
8,0,31.76
8,1,31.4
8,2,30.72
8,3,29.83
8,4,28.83
8,5,27.85
8,6,27.02
8,7,26.41
8,8,26.09
0,0,26.18
0,1,26.08
0,2,25.88
0,3,25.61
0,4,25.28
0,5,24.94
0,6,24.63
0,7,24.39
0,8,24.26
1,0,26.49
1,1,26.37
1,2,26.15
1,3,25.84
1,4,25.48
1,5,25.1
1,6,24.76
1,7,24.5
1,8,24.36
2,0,27.09
2,1,26.94
2,2,26.67
2,3,26.29
2,4,25.85
2,5,25.41
2,6,25.01
2,7,24.71
2,8,24.55
3,0,27.9
3,1,27.72
3,2,27.37
3,3,26.91
3,4,26.37
3,5,25.83
3,6,25.36
3,7,25.0
3,8,24.82
4,0,28.85
4,1,28.62
4,2,28.2
4,3,27.62
4,4,26.98
4,5,26.33
4,6,25.77
4,7,25.35
4,8,25.13
5,0,29.82
5,1,29.55
5,2,29.04
5,3,28.36
5,4,27.6
5,5,26.84
5,6,26.19
5,7,25.71
5,8,25.46
6,0,30.68
6,1,30.37
6,2,29.79
6,3,29.02
6,4,28.16
6,5,27.31
6,6,26.57
6,7,26.04
6,8,25.76
7,0,31.33
7,1,30.99
7,2,30.36
7,3,29.52
7,4,28.58
7,5,27.66
7,6,26.87
7,7,26.29
7,8,25.99
8,0,31.68
8,1,31.32
8,2,30.66
8,3,29.78
8,4,28.8
8,5,27.85
8,6,27.02
8,7,26.42
8,8,26.11
0,0,26.2
0,1,26.1
0,2,25.9
0,3,25.63
0,4,25.3
0,5,24.96
0,6,24.65
0,7,24.41
0,8,24.29
1,0,26.51
1,1,26.39
1,2,26.17
1,3,25.86
1,4,25.5
1,5,25.12
1,6,24.78
1,7,24.52
1,8,24.39
2,0,27.1
2,1,26.95
2,2,26.68
2,3,26.3
2,4,25.87
2,5,25.43
2,6,25.03
2,7,24.74
2,8,24.58
3,0,27.9
3,1,27.72
3,2,27.37
3,3,26.91
3,4,26.38
3,5,25.85
3,6,25.38
3,7,25.03
3,8,24.84
4,0,28.83
4,1,28.6
4,2,28.18
4,3,27.62
4,4,26.98
4,5,26.34
4,6,25.79
4,7,25.38
4,8,25.16
5,0,29.77
5,1,29.51
5,2,29.01
5,3,28.34
5,4,27.59
5,5,26.85
5,6,26.21
5,7,25.73
5,8,25.48
6,0,30.62
6,1,30.32
6,2,29.75
6,3,28.99
6,4,28.14
6,5,27.31
6,6,26.59
6,7,26.06
6,8,25.78
7,0,31.26
7,1,30.93
7,2,30.3
7,3,29.48
7,4,28.56
7,5,27.65
7,6,26.88
7,7,26.31
7,8,26.01
8,0,31.6
8,1,31.25
8,2,30.6
8,3,29.74
8,4,28.78
8,5,27.84
8,6,27.03
8,7,26.44
8,8,26.13
0,0,26.23
0,1,26.12
0,2,25.92
0,3,25.65
0,4,25.32
0,5,24.98
0,6,24.67
0,7,24.44
0,8,24.31
1,0,26.53
1,1,26.41
1,2,26.19
1,3,25.88
1,4,25.51
1,5,25.14
1,6,24.8
1,7,24.55
1,8,24.41
2,0,27.1
2,1,26.96
2,2,26.69
2,3,26.31
2,4,25.88
2,5,25.45
2,6,25.05
2,7,24.76
2,8,24.6
3,0,27.89
3,1,27.71
3,2,27.37
3,3,26.91
3,4,26.39
3,5,25.86
3,6,25.4
3,7,25.05
3,8,24.87
4,0,28.8
4,1,28.58
4,2,28.17
4,3,27.61
4,4,26.98
4,5,26.35
4,6,25.8
4,7,25.4
4,8,25.18
5,0,29.73
5,1,29.47
5,2,28.98
5,3,28.32
5,4,27.58
5,5,26.86
5,6,26.22
5,7,25.76
5,8,25.51
6,0,30.56
6,1,30.26
6,2,29.71
6,3,28.96
6,4,28.13
6,5,27.31
6,6,26.6
6,7,26.08
6,8,25.81
7,0,31.19
7,1,30.86
7,2,30.25
7,3,29.44
7,4,28.54
7,5,27.65
7,6,26.88
7,7,26.33
7,8,26.03
8,0,31.52
8,1,31.18
8,2,30.54
8,3,29.7
8,4,28.76
8,5,27.83
8,6,27.04
8,7,26.46
8,8,26.15
0,0,26.25
0,1,26.14
0,2,25.95
0,3,25.67
0,4,25.34
0,5,25.0
0,6,24.7
0,7,24.47
0,8,24.34
1,0,26.55
1,1,26.43
1,2,26.2
1,3,25.9
1,4,25.53
1,5,25.16
1,6,24.83
1,7,24.58
1,8,24.44
2,0,27.11
2,1,26.97
2,2,26.7
2,3,26.33
2,4,25.9
2,5,25.46
2,6,25.08
2,7,24.79
2,8,24.63
3,0,27.88
3,1,27.71
3,2,27.37
3,3,26.92
3,4,26.4
3,5,25.88
3,6,25.42
3,7,25.08
3,8,24.9
4,0,28.78
4,1,28.56
4,2,28.15
4,3,27.6
4,4,26.98
4,5,26.36
4,6,25.82
4,7,25.42
4,8,25.21
5,0,29.69
5,1,29.43
5,2,28.95
5,3,28.31
5,4,27.58
5,5,26.86
5,6,26.24
5,7,25.78
5,8,25.53
6,0,30.5
6,1,30.21
6,2,29.66
6,3,28.93
6,4,28.11
6,5,27.31
6,6,26.61
6,7,26.1
6,8,25.83
7,0,31.12
7,1,30.8
7,2,30.2
7,3,29.41
7,4,28.52
7,5,27.65
7,6,26.89
7,7,26.34
7,8,26.05
8,0,31.44
8,1,31.11
8,2,30.49
8,3,29.66
8,4,28.73
8,5,27.83
8,6,27.04
8,7,26.47
8,8,26.17

Timestep: 50 s
0,0,26.27
0,1,26.17
0,2,25.97
0,3,25.69
0,4,25.36
0,5,25.03
0,6,24.72
0,7,24.49
0,8,24.37
1,0,26.56
1,1,26.45
1,2,26.22
1,3,25.91
1,4,25.55
1,5,25.18
1,6,24.85
1,7,24.6
1,8,24.47
2,0,27.12
2,1,26.98
2,2,26.71
2,3,26.34
2,4,25.91
2,5,25.48
2,6,25.1
2,7,24.81
2,8,24.66
3,0,27.88
3,1,27.7
3,2,27.37
3,3,26.92
3,4,26.41
3,5,25.89
3,6,25.44
3,7,25.1
3,8,24.92
4,0,28.76
4,1,28.54
4,2,28.14
4,3,27.6
4,4,26.98
4,5,26.37
4,6,25.84
4,7,25.45
4,8,25.24
5,0,29.65
5,1,29.4
5,2,28.92
5,3,28.29
5,4,27.57
5,5,26.87
5,6,26.25
5,7,25.8
5,8,25.56
6,0,30.45
6,1,30.16
6,2,29.62
6,3,28.9
6,4,28.1
6,5,27.31
6,6,26.62
6,7,26.12
6,8,25.85
7,0,31.05
7,1,30.73
7,2,30.15
7,3,29.37
7,4,28.5
7,5,27.64
7,6,26.9
7,7,26.36
7,8,26.07
8,0,31.37
8,1,31.04
8,2,30.43
8,3,29.62
8,4,28.71
8,5,27.82
8,6,27.05
8,7,26.49
8,8,26.19
0,0,26.29
0,1,26.19
0,2,25.99
0,3,25.71
0,4,25.38
0,5,25.05
0,6,24.75
0,7,24.52
0,8,24.39
1,0,26.58
1,1,26.46
1,2,26.24
1,3,25.93
1,4,25.57
1,5,25.2
1,6,24.87
1,7,24.63
1,8,24.49
2,0,27.13
2,1,26.98
2,2,26.72
2,3,26.35
2,4,25.93
2,5,25.5
2,6,25.12
2,7,24.84
2,8,24.68
3,0,27.87
3,1,27.7
3,2,27.37
3,3,26.92
3,4,26.42
3,5,25.91
3,6,25.46
3,7,25.13
3,8,24.95
4,0,28.73
4,1,28.52
4,2,28.12
4,3,27.59
4,4,26.99
4,5,26.38
4,6,25.86
4,7,25.47
4,8,25.26
5,0,29.61
5,1,29.36
5,2,28.89
5,3,28.27
5,4,27.57
5,5,26.87
5,6,26.26
5,7,25.82
5,8,25.58
6,0,30.39
6,1,30.11
6,2,29.58
6,3,28.88
6,4,28.09
6,5,27.31
6,6,26.63
6,7,26.14
6,8,25.87
7,0,30.98
7,1,30.67
7,2,30.1
7,3,29.33
7,4,28.48
7,5,27.64
7,6,26.91
7,7,26.38
7,8,26.1
8,0,31.29
8,1,30.97
8,2,30.37
8,3,29.58
8,4,28.69
8,5,27.81
8,6,27.06
8,7,26.51
8,8,26.21
0,0,26.31
0,1,26.21
0,2,26.01
0,3,25.73
0,4,25.4
0,5,25.07
0,6,24.77
0,7,24.54
0,8,24.42
1,0,26.6
1,1,26.48
1,2,26.25
1,3,25.95
1,4,25.59
1,5,25.22
1,6,24.9
1,7,24.65
1,8,24.52
2,0,27.13
2,1,26.99
2,2,26.72
2,3,26.36
2,4,25.94
2,5,25.52
2,6,25.14
2,7,24.86
2,8,24.71
3,0,27.86
3,1,27.69
3,2,27.37
3,3,26.93
3,4,26.43
3,5,25.92
3,6,25.48
3,7,25.15
3,8,24.98
4,0,28.71
4,1,28.5
4,2,28.11
4,3,27.58
4,4,26.99
4,5,26.39
4,6,25.87
4,7,25.49
4,8,25.29
5,0,29.57
5,1,29.33
5,2,28.87
5,3,28.25
5,4,27.56
5,5,26.87
5,6,26.28
5,7,25.84
5,8,25.61
6,0,30.34
6,1,30.06
6,2,29.54
6,3,28.85
6,4,28.07
6,5,27.31
6,6,26.64
6,7,26.15
6,8,25.9
7,0,30.91
7,1,30.61
7,2,30.05
7,3,29.3
7,4,28.46
7,5,27.63
7,6,26.92
7,7,26.39
7,8,26.12
8,0,31.22
8,1,30.91
8,2,30.32
8,3,29.54
8,4,28.67
8,5,27.81
8,6,27.06
8,7,26.52
8,8,26.23
0,0,26.33
0,1,26.23
0,2,26.03
0,3,25.75
0,4,25.42
0,5,25.09
0,6,24.79
0,7,24.57
0,8,24.44
1,0,26.61
1,1,26.49
1,2,26.27
1,3,25.96
1,4,25.61
1,5,25.25
1,6,24.92
1,7,24.68
1,8,24.54
2,0,27.14
2,1,27.0
2,2,26.73
2,3,26.37
2,4,25.96
2,5,25.54
2,6,25.16
2,7,24.89
2,8,24.74
3,0,27.86
3,1,27.69
3,2,27.37
3,3,26.93
3,4,26.44
3,5,25.94
3,6,25.5
3,7,25.17
3,8,25.0
4,0,28.69
4,1,28.48
4,2,28.1
4,3,27.58
4,4,26.99
4,5,26.4
4,6,25.89
4,7,25.51
4,8,25.31
5,0,29.53
5,1,29.29
5,2,28.84
5,3,28.24
5,4,27.55
5,5,26.88
5,6,26.29
5,7,25.86
5,8,25.63
6,0,30.28
6,1,30.01
6,2,29.5
6,3,28.82
6,4,28.06
6,5,27.31
6,6,26.65
6,7,26.17
6,8,25.92
7,0,30.85
7,1,30.55
7,2,30.0
7,3,29.26
7,4,28.44
7,5,27.63
7,6,26.92
7,7,26.41
7,8,26.14
8,0,31.15
8,1,30.84
8,2,30.27
8,3,29.5
8,4,28.64
8,5,27.8
8,6,27.07
8,7,26.54
8,8,26.25
0,0,26.35
0,1,26.25
0,2,26.05
0,3,25.77
0,4,25.44
0,5,25.11
0,6,24.82
0,7,24.59
0,8,24.47
1,0,26.63
1,1,26.51
1,2,26.29
1,3,25.98
1,4,25.63
1,5,25.27
1,6,24.94
1,7,24.7
1,8,24.57
2,0,27.14
2,1,27.0
2,2,26.74
2,3,26.38
2,4,25.97
2,5,25.56
2,6,25.19
2,7,24.91
2,8,24.76
3,0,27.85
3,1,27.68
3,2,27.36
3,3,26.93
3,4,26.44
3,5,25.95
3,6,25.52
3,7,25.2
3,8,25.03
4,0,28.67
4,1,28.46
4,2,28.08
4,3,27.57
4,4,26.99
4,5,26.41
4,6,25.91
4,7,25.53
4,8,25.34
5,0,29.49
5,1,29.26
5,2,28.81
5,3,28.22
5,4,27.55
5,5,26.88
5,6,26.3
5,7,25.88
5,8,25.65
6,0,30.23
6,1,29.96
6,2,29.46
6,3,28.8
6,4,28.05
6,5,27.31
6,6,26.66
6,7,26.19
6,8,25.94
7,0,30.78
7,1,30.49
7,2,29.95
7,3,29.23
7,4,28.42
7,5,27.62
7,6,26.93
7,7,26.42
7,8,26.16
8,0,31.08
8,1,30.78
8,2,30.21
8,3,29.46
8,4,28.62
8,5,27.79
8,6,27.08
8,7,26.55
8,8,26.27

Timestep: 55 s
0,0,26.37
0,1,26.27
0,2,26.06
0,3,25.79
0,4,25.46
0,5,25.13
0,6,24.84
0,7,24.61
0,8,24.49
1,0,26.64
1,1,26.52
1,2,26.3
1,3,26.0
1,4,25.64
1,5,25.29
1,6,24.97
1,7,24.72
1,8,24.6
2,0,27.15
2,1,27.01
2,2,26.75
2,3,26.39
2,4,25.99
2,5,25.57
2,6,25.21
2,7,24.93
2,8,24.79
3,0,27.84
3,1,27.68
3,2,27.36
3,3,26.94
3,4,26.45
3,5,25.97
3,6,25.54
3,7,25.22
3,8,25.05
4,0,28.64
4,1,28.44
4,2,28.07
4,3,27.56
4,4,26.99
4,5,26.42
4,6,25.92
4,7,25.55
4,8,25.36
5,0,29.46
5,1,29.22
5,2,28.79
5,3,28.2
5,4,27.54
5,5,26.89
5,6,26.32
5,7,25.9
5,8,25.68
6,0,30.18
6,1,29.92
6,2,29.43
6,3,28.77
6,4,28.03
6,5,27.3
6,6,26.67
6,7,26.21
6,8,25.96
7,0,30.72
7,1,30.44
7,2,29.91
7,3,29.2
7,4,28.4
7,5,27.62
7,6,26.94
7,7,26.44
7,8,26.18
8,0,31.01
8,1,30.71
8,2,30.16
8,3,29.43
8,4,28.6
8,5,27.79
8,6,27.08
8,7,26.56
8,8,26.29
0,0,26.39
0,1,26.28
0,2,26.08
0,3,25.81
0,4,25.48
0,5,25.16
0,6,24.86
0,7,24.64
0,8,24.52
1,0,26.65
1,1,26.54
1,2,26.32
1,3,26.01
1,4,25.66
1,5,25.31
1,6,24.99
1,7,24.75
1,8,24.62
2,0,27.15
2,1,27.02
2,2,26.76
2,3,26.4
2,4,26.0
2,5,25.59
2,6,25.23
2,7,24.96
2,8,24.81
3,0,27.84
3,1,27.67
3,2,27.36
3,3,26.94
3,4,26.46
3,5,25.98
3,6,25.56
3,7,25.24
3,8,25.08
4,0,28.62
4,1,28.42
4,2,28.05
4,3,27.56
4,4,26.99
4,5,26.43
4,6,25.94
4,7,25.58
4,8,25.38
5,0,29.42
5,1,29.19
5,2,28.76
5,3,28.18
5,4,27.54
5,5,26.89
5,6,26.33
5,7,25.92
5,8,25.7
6,0,30.13
6,1,29.87
6,2,29.39
6,3,28.74
6,4,28.02
6,5,27.3
6,6,26.68
6,7,26.22
6,8,25.98
7,0,30.66
7,1,30.38
7,2,29.86
7,3,29.16
7,4,28.38
7,5,27.61
7,6,26.94
7,7,26.45
7,8,26.19
8,0,30.94
8,1,30.65
8,2,30.11
8,3,29.39
8,4,28.58
8,5,27.78
8,6,27.09
8,7,26.58
8,8,26.31
0,0,26.41
0,1,26.3
0,2,26.1
0,3,25.82
0,4,25.5
0,5,25.18
0,6,24.88
0,7,24.66
0,8,24.55
1,0,26.67
1,1,26.55
1,2,26.33
1,3,26.03
1,4,25.68
1,5,25.33
1,6,25.01
1,7,24.77
1,8,24.65
2,0,27.16
2,1,27.02
2,2,26.77
2,3,26.42
2,4,26.01
2,5,25.61
2,6,25.25
2,7,24.98
2,8,24.84
3,0,27.83
3,1,27.67
3,2,27.36
3,3,26.94
3,4,26.47
3,5,25.99
3,6,25.58
3,7,25.27
3,8,25.1
4,0,28.6
4,1,28.41
4,2,28.04
4,3,27.55
4,4,26.99
4,5,26.44
4,6,25.96
4,7,25.6
4,8,25.41
5,0,29.38
5,1,29.16
5,2,28.73
5,3,28.17
5,4,27.53
5,5,26.9
5,6,26.34
5,7,25.93
5,8,25.72
6,0,30.08
6,1,29.82
6,2,29.35
6,3,28.72
6,4,28.01
6,5,27.3
6,6,26.69
6,7,26.24
6,8,26.0
7,0,30.6
7,1,30.32
7,2,29.81
7,3,29.13
7,4,28.37
7,5,27.61
7,6,26.95
7,7,26.47
7,8,26.21
8,0,30.88
8,1,30.59
8,2,30.06
8,3,29.35
8,4,28.56
8,5,27.77
8,6,27.09
8,7,26.59
8,8,26.33
0,0,26.43
0,1,26.32
0,2,26.12
0,3,25.84
0,4,25.52
0,5,25.2
0,6,24.91
0,7,24.69
0,8,24.57
1,0,26.68
1,1,26.57
1,2,26.34
1,3,26.04
1,4,25.7
1,5,25.35
1,6,25.03
1,7,24.8
1,8,24.67
2,0,27.16
2,1,27.03
2,2,26.77
2,3,26.43
2,4,26.03
2,5,25.63
2,6,25.27
2,7,25.0
2,8,24.86
3,0,27.82
3,1,27.66
3,2,27.36
3,3,26.95
3,4,26.48
3,5,26.01
3,6,25.59
3,7,25.29
3,8,25.12
4,0,28.58
4,1,28.39
4,2,28.03
4,3,27.54
4,4,27.0
4,5,26.45
4,6,25.97
4,7,25.62
4,8,25.43
5,0,29.35
5,1,29.12
5,2,28.71
5,3,28.15
5,4,27.52
5,5,26.9
5,6,26.35
5,7,25.95
5,8,25.74
6,0,30.03
6,1,29.78
6,2,29.32
6,3,28.69
6,4,27.99
6,5,27.3
6,6,26.7
6,7,26.25
6,8,26.02
7,0,30.54
7,1,30.27
7,2,29.77
7,3,29.1
7,4,28.35
7,5,27.6
7,6,26.96
7,7,26.48
7,8,26.23
8,0,30.81
8,1,30.53
8,2,30.01
8,3,29.32
8,4,28.54
8,5,27.77
8,6,27.1
8,7,26.6
8,8,26.34
0,0,26.44
0,1,26.34
0,2,26.14
0,3,25.86
0,4,25.54
0,5,25.22
0,6,24.93
0,7,24.71
0,8,24.6
1,0,26.69
1,1,26.58
1,2,26.36
1,3,26.06
1,4,25.72
1,5,25.37
1,6,25.05
1,7,24.82
1,8,24.7
2,0,27.17
2,1,27.03
2,2,26.78
2,3,26.44
2,4,26.04
2,5,25.64
2,6,25.29
2,7,25.03
2,8,24.89
3,0,27.81
3,1,27.65
3,2,27.35
3,3,26.95
3,4,26.48
3,5,26.02
3,6,25.61
3,7,25.31
3,8,25.15
4,0,28.56
4,1,28.37
4,2,28.01
4,3,27.54
4,4,27.0
4,5,26.46
4,6,25.99
4,7,25.64
4,8,25.45
5,0,29.31
5,1,29.09
5,2,28.68
5,3,28.14
5,4,27.52
5,5,26.9
5,6,26.37
5,7,25.97
5,8,25.76
6,0,29.98
6,1,29.74
6,2,29.28
6,3,28.67
6,4,27.98
6,5,27.3
6,6,26.71
6,7,26.27
6,8,26.04
7,0,30.48
7,1,30.22
7,2,29.73
7,3,29.07
7,4,28.33
7,5,27.6
7,6,26.96
7,7,26.5
7,8,26.25
8,0,30.75
8,1,30.48
8,2,29.96
8,3,29.28
8,4,28.52
8,5,27.76
8,6,27.1
8,7,26.62
8,8,26.36

Timestep: 60 s
0,0,26.46
0,1,26.35
0,2,26.15
0,3,25.88
0,4,25.56
0,5,25.24
0,6,24.95
0,7,24.74
0,8,24.62
1,0,26.71
1,1,26.59
1,2,26.37
1,3,26.07
1,4,25.73
1,5,25.39
1,6,25.08
1,7,24.85
1,8,24.72
2,0,27.17
2,1,27.04
2,2,26.79
2,3,26.45
2,4,26.05
2,5,25.66
2,6,25.31
2,7,25.05
2,8,24.91
3,0,27.81
3,1,27.65
3,2,27.35
3,3,26.95
3,4,26.49
3,5,26.03
3,6,25.63
3,7,25.33
3,8,25.17
4,0,28.54
4,1,28.35
4,2,28.0
4,3,27.53
4,4,27.0
4,5,26.47
4,6,26.0
4,7,25.66
4,8,25.47
5,0,29.28
5,1,29.06
5,2,28.66
5,3,28.12
5,4,27.51
5,5,26.91
5,6,26.38
5,7,25.99
5,8,25.78
6,0,29.93
6,1,29.69
6,2,29.24
6,3,28.65
6,4,27.97
6,5,27.3
6,6,26.71
6,7,26.28
6,8,26.06
7,0,30.42
7,1,30.17
7,2,29.68
7,3,29.04
7,4,28.31
7,5,27.59
7,6,26.97
7,7,26.51
7,8,26.27
8,0,30.69
8,1,30.42
8,2,29.92
8,3,29.25
8,4,28.5
8,5,27.75
8,6,27.1
8,7,26.63
8,8,26.38
0,0,26.48
0,1,26.37
0,2,26.17
0,3,25.9
0,4,25.58
0,5,25.26
0,6,24.98
0,7,24.76
0,8,24.65
1,0,26.72
1,1,26.6
1,2,26.39
1,3,26.09
1,4,25.75
1,5,25.4
1,6,25.1
1,7,24.87
1,8,24.75
2,0,27.18
2,1,27.04
2,2,26.79
2,3,26.46
2,4,26.07
2,5,25.68
2,6,25.33
2,7,25.07
2,8,24.94
3,0,27.8
3,1,27.64
3,2,27.35
3,3,26.95
3,4,26.5
3,5,26.05
3,6,25.65
3,7,25.35
3,8,25.19
4,0,28.52
4,1,28.33
4,2,27.99
4,3,27.53
4,4,27.0
4,5,26.48
4,6,26.02
4,7,25.68
4,8,25.49
5,0,29.24
5,1,29.03
5,2,28.64
5,3,28.11
5,4,27.51
5,5,26.91
5,6,26.39
5,7,26.0
5,8,25.8
6,0,29.89
6,1,29.65
6,2,29.21
6,3,28.62
6,4,27.96
6,5,27.3
6,6,26.72
6,7,26.3
6,8,26.08
7,0,30.37
7,1,30.11
7,2,29.64
7,3,29.01
7,4,28.29
7,5,27.59
7,6,26.97
7,7,26.52
7,8,26.28
8,0,30.63
8,1,30.36
8,2,29.87
8,3,29.21
8,4,28.48
8,5,27.74
8,6,27.11
8,7,26.64
8,8,26.39
0,0,26.49
0,1,26.39
0,2,26.19
0,3,25.91
0,4,25.6
0,5,25.28
0,6,25.0
0,7,24.79
0,8,24.67
1,0,26.73
1,1,26.62
1,2,26.4
1,3,26.1
1,4,25.77
1,5,25.42
1,6,25.12
1,7,24.89
1,8,24.77
2,0,27.18
2,1,27.05
2,2,26.8
2,3,26.46
2,4,26.08
2,5,25.69
2,6,25.35
2,7,25.1
2,8,24.96
3,0,27.79
3,1,27.64
3,2,27.35
3,3,26.95
3,4,26.51
3,5,26.06
3,6,25.67
3,7,25.37
3,8,25.22
4,0,28.5
4,1,28.32
4,2,27.98
4,3,27.52
4,4,27.0
4,5,26.48
4,6,26.03
4,7,25.69
4,8,25.52
5,0,29.21
5,1,29.0
5,2,28.61
5,3,28.09
5,4,27.5
5,5,26.91
5,6,26.4
5,7,26.02
5,8,25.82
6,0,29.84
6,1,29.61
6,2,29.18
6,3,28.6
6,4,27.94
6,5,27.3
6,6,26.73
6,7,26.31
6,8,26.09
7,0,30.31
7,1,30.06
7,2,29.6
7,3,28.98
7,4,28.28
7,5,27.58
7,6,26.98
7,7,26.53
7,8,26.3
8,0,30.57
8,1,30.31
8,2,29.83
8,3,29.18
8,4,28.46
8,5,27.74
8,6,27.11
8,7,26.65
8,8,26.41
0,0,26.51
0,1,26.4
0,2,26.2
0,3,25.93
0,4,25.62
0,5,25.3
0,6,25.02
0,7,24.81
0,8,24.7
1,0,26.74
1,1,26.63
1,2,26.41
1,3,26.12
1,4,25.78
1,5,25.44
1,6,25.14
1,7,24.92
1,8,24.79
2,0,27.18
2,1,27.05
2,2,26.81
2,3,26.47
2,4,26.09
2,5,25.71
2,6,25.37
2,7,25.12
2,8,24.98
3,0,27.79
3,1,27.63
3,2,27.35
3,3,26.96
3,4,26.52
3,5,26.07
3,6,25.68
3,7,25.39
3,8,25.24
4,0,28.48
4,1,28.3
4,2,27.96
4,3,27.51
4,4,27.0
4,5,26.49
4,6,26.04
4,7,25.71
4,8,25.54
5,0,29.18
5,1,28.97
5,2,28.59
5,3,28.07
5,4,27.49
5,5,26.92
5,6,26.41
5,7,26.04
5,8,25.84
6,0,29.8
6,1,29.57
6,2,29.14
6,3,28.57
6,4,27.93
6,5,27.29
6,6,26.74
6,7,26.33
6,8,26.11
7,0,30.26
7,1,30.02
7,2,29.56
7,3,28.95
7,4,28.26
7,5,27.58
7,6,26.98
7,7,26.55
7,8,26.31
8,0,30.51
8,1,30.25
8,2,29.78
8,3,29.15
8,4,28.44
8,5,27.73
8,6,27.12
8,7,26.66
8,8,26.42
0,0,26.52
0,1,26.42
0,2,26.22
0,3,25.95
0,4,25.64
0,5,25.32
0,6,25.04
0,7,24.83
0,8,24.72
1,0,26.75
1,1,26.64
1,2,26.42
1,3,26.13
1,4,25.8
1,5,25.46
1,6,25.16
1,7,24.94
1,8,24.82
2,0,27.19
2,1,27.06
2,2,26.81
2,3,26.48
2,4,26.11
2,5,25.73
2,6,25.39
2,7,25.14
2,8,25.01
3,0,27.78
3,1,27.63
3,2,27.34
3,3,26.96
3,4,26.52
3,5,26.09
3,6,25.7
3,7,25.41
3,8,25.26
4,0,28.46
4,1,28.28
4,2,27.95
4,3,27.51
4,4,27.0
4,5,26.5
4,6,26.06
4,7,25.73
4,8,25.56
5,0,29.14
5,1,28.94
5,2,28.57
5,3,28.06
5,4,27.49
5,5,26.92
5,6,26.42
5,7,26.05
5,8,25.86
6,0,29.75
6,1,29.53
6,2,29.11
6,3,28.55
6,4,27.92
6,5,27.29
6,6,26.75
6,7,26.34
6,8,26.13
7,0,30.21
7,1,29.97
7,2,29.52
7,3,28.92
7,4,28.24
7,5,27.57
7,6,26.99
7,7,26.56
7,8,26.33
8,0,30.45
8,1,30.2
8,2,29.74
8,3,29.12
8,4,28.42
8,5,27.72
8,6,27.12
8,7,26.67
8,8,26.44

Timestep: 65 s
0,0,26.54
0,1,26.43
0,2,26.23
0,3,25.96
0,4,25.66
0,5,25.34
0,6,25.06
0,7,24.86
0,8,24.74
1,0,26.76
1,1,26.65
1,2,26.44
1,3,26.15
1,4,25.82
1,5,25.48
1,6,25.18
1,7,24.96
1,8,24.84
2,0,27.19
2,1,27.06
2,2,26.82
2,3,26.49
2,4,26.12
2,5,25.74
2,6,25.41
2,7,25.16
2,8,25.03
3,0,27.77
3,1,27.62
3,2,27.34
3,3,26.96
3,4,26.53
3,5,26.1
3,6,25.72
3,7,25.43
3,8,25.28
4,0,28.44
4,1,28.26
4,2,27.94
4,3,27.5
4,4,27.0
4,5,26.51
4,6,26.07
4,7,25.75
4,8,25.58
5,0,29.11
5,1,28.91
5,2,28.54
5,3,28.04
5,4,27.48
5,5,26.92
5,6,26.43
5,7,26.07
5,8,25.88
6,0,29.71
6,1,29.49
6,2,29.08
6,3,28.53
6,4,27.91
6,5,27.29
6,6,26.75
6,7,26.36
6,8,26.15
7,0,30.15
7,1,29.92
7,2,29.48
7,3,28.89
7,4,28.23
7,5,27.57
7,6,26.99
7,7,26.57
7,8,26.35
8,0,30.39
8,1,30.15
8,2,29.69
8,3,29.08
8,4,28.4
8,5,27.72
8,6,27.12
8,7,26.68
8,8,26.45
0,0,26.55
0,1,26.45
0,2,26.25
0,3,25.98
0,4,25.67
0,5,25.36
0,6,25.09
0,7,24.88
0,8,24.77
1,0,26.77
1,1,26.66
1,2,26.45
1,3,26.16
1,4,25.83
1,5,25.5
1,6,25.2
1,7,24.98
1,8,24.87
2,0,27.19
2,1,27.07
2,2,26.83
2,3,26.5
2,4,26.13
2,5,25.76
2,6,25.43
2,7,25.18
2,8,25.05
3,0,27.76
3,1,27.62
3,2,27.34
3,3,26.96
3,4,26.54
3,5,26.11
3,6,25.73
3,7,25.45
3,8,25.31
4,0,28.42
4,1,28.25
4,2,27.93
4,3,27.49
4,4,27.0
4,5,26.51
4,6,26.09
4,7,25.77
4,8,25.6
5,0,29.08
5,1,28.88
5,2,28.52
5,3,28.03
5,4,27.48
5,5,26.92
5,6,26.44
5,7,26.09
5,8,25.9
6,0,29.67
6,1,29.45
6,2,29.05
6,3,28.51
6,4,27.9
6,5,27.29
6,6,26.76
6,7,26.37
6,8,26.16
7,0,30.1
7,1,29.87
7,2,29.44
7,3,28.86
7,4,28.21
7,5,27.56
7,6,27.0
7,7,26.58
7,8,26.36
8,0,30.34
8,1,30.1
8,2,29.65
8,3,29.05
8,4,28.38
8,5,27.71
8,6,27.13
8,7,26.7
8,8,26.47
0,0,26.56
0,1,26.46
0,2,26.26
0,3,26.0
0,4,25.69
0,5,25.38
0,6,25.11
0,7,24.9
0,8,24.79
1,0,26.78
1,1,26.67
1,2,26.46
1,3,26.17
1,4,25.85
1,5,25.52
1,6,25.23
1,7,25.01
1,8,24.89
2,0,27.2
2,1,27.07
2,2,26.83
2,3,26.51
2,4,26.14
2,5,25.77
2,6,25.45
2,7,25.21
2,8,25.08
3,0,27.76
3,1,27.61
3,2,27.34
3,3,26.97
3,4,26.54
3,5,26.12
3,6,25.75
3,7,25.47
3,8,25.33
4,0,28.4
4,1,28.23
4,2,27.91
4,3,27.49
4,4,27.0
4,5,26.52
4,6,26.1
4,7,25.79
4,8,25.62
5,0,29.05
5,1,28.86
5,2,28.5
5,3,28.02
5,4,27.47
5,5,26.93
5,6,26.45
5,7,26.1
5,8,25.91
6,0,29.62
6,1,29.41
6,2,29.02
6,3,28.48
6,4,27.88
6,5,27.29
6,6,26.77
6,7,26.38
6,8,26.18
7,0,30.05
7,1,29.83
7,2,29.4
7,3,28.84
7,4,28.19
7,5,27.56
7,6,27.0
7,7,26.59
7,8,26.38
8,0,30.28
8,1,30.05
8,2,29.61
8,3,29.02
8,4,28.36
8,5,27.7
8,6,27.13
8,7,26.71
8,8,26.48
0,0,26.58
0,1,26.47
0,2,26.28
0,3,26.01
0,4,25.71
0,5,25.4
0,6,25.13
0,7,24.93
0,8,24.82
1,0,26.79
1,1,26.68
1,2,26.47
1,3,26.19
1,4,25.86
1,5,25.54
1,6,25.25
1,7,25.03
1,8,24.91
2,0,27.2
2,1,27.07
2,2,26.84
2,3,26.52
2,4,26.15
2,5,25.79
2,6,25.47
2,7,25.23
2,8,25.1
3,0,27.75
3,1,27.6
3,2,27.33
3,3,26.97
3,4,26.55
3,5,26.13
3,6,25.77
3,7,25.49
3,8,25.35
4,0,28.38
4,1,28.21
4,2,27.9
4,3,27.48
4,4,27.01
4,5,26.53
4,6,26.11
4,7,25.8
4,8,25.64
5,0,29.02
5,1,28.83
5,2,28.48
5,3,28.0
5,4,27.46
5,5,26.93
5,6,26.46
5,7,26.12
5,8,25.93
6,0,29.58
6,1,29.37
6,2,28.99
6,3,28.46
6,4,27.87
6,5,27.29
6,6,26.77
6,7,26.39
6,8,26.19
7,0,30.0
7,1,29.78
7,2,29.37
7,3,28.81
7,4,28.18
7,5,27.55
7,6,27.01
7,7,26.6
7,8,26.39
8,0,30.23
8,1,30.0
8,2,29.57
8,3,28.99
8,4,28.34
8,5,27.69
8,6,27.13
8,7,26.72
8,8,26.49
0,0,26.59
0,1,26.49
0,2,26.29
0,3,26.03
0,4,25.73
0,5,25.42
0,6,25.15
0,7,24.95
0,8,24.84
1,0,26.8
1,1,26.69
1,2,26.48
1,3,26.2
1,4,25.88
1,5,25.55
1,6,25.27
1,7,25.05
1,8,24.94
2,0,27.2
2,1,27.08
2,2,26.84
2,3,26.53
2,4,26.17
2,5,25.8
2,6,25.49
2,7,25.25
2,8,25.12
3,0,27.74
3,1,27.6
3,2,27.33
3,3,26.97
3,4,26.56
3,5,26.15
3,6,25.78
3,7,25.51
3,8,25.37
4,0,28.36
4,1,28.2
4,2,27.89
4,3,27.48
4,4,27.01
4,5,26.54
4,6,26.13
4,7,25.82
4,8,25.66
5,0,28.99
5,1,28.8
5,2,28.45
5,3,27.99
5,4,27.46
5,5,26.93
5,6,26.47
5,7,26.13
5,8,25.95
6,0,29.54
6,1,29.34
6,2,28.96
6,3,28.44
6,4,27.86
6,5,27.28
6,6,26.78
6,7,26.41
6,8,26.21
7,0,29.96
7,1,29.74
7,2,29.33
7,3,28.78
7,4,28.16
7,5,27.55
7,6,27.01
7,7,26.61
7,8,26.4
8,0,30.18
8,1,29.95
8,2,29.53
8,3,28.96
8,4,28.32
8,5,27.69
8,6,27.13
8,7,26.72
8,8,26.51

Timestep: 70 s
0,0,26.6
0,1,26.5
0,2,26.31
0,3,26.04
0,4,25.74
0,5,25.44
0,6,25.17
0,7,24.97
0,8,24.86
1,0,26.81
1,1,26.7
1,2,26.49
1,3,26.21
1,4,25.89
1,5,25.57
1,6,25.29
1,7,25.07
1,8,24.96
2,0,27.2
2,1,27.08
2,2,26.85
2,3,26.54
2,4,26.18
2,5,25.82
2,6,25.5
2,7,25.27
2,8,25.14
3,0,27.73
3,1,27.59
3,2,27.33
3,3,26.97
3,4,26.56
3,5,26.16
3,6,25.8
3,7,25.53
3,8,25.39
4,0,28.34
4,1,28.18
4,2,27.88
4,3,27.47
4,4,27.01
4,5,26.54
4,6,26.14
4,7,25.84
4,8,25.68
5,0,28.96
5,1,28.78
5,2,28.43
5,3,27.97
5,4,27.45
5,5,26.93
5,6,26.48
5,7,26.15
5,8,25.97
6,0,29.5
6,1,29.3
6,2,28.93
6,3,28.42
6,4,27.85
6,5,27.28
6,6,26.79
6,7,26.42
6,8,26.22
7,0,29.91
7,1,29.69
7,2,29.29
7,3,28.75
7,4,28.15
7,5,27.54
7,6,27.01
7,7,26.62
7,8,26.42
8,0,30.13
8,1,29.9
8,2,29.49
8,3,28.93
8,4,28.3
8,5,27.68
8,6,27.14
8,7,26.73
8,8,26.52
0,0,26.61
0,1,26.51
0,2,26.32
0,3,26.06
0,4,25.76
0,5,25.46
0,6,25.19
0,7,24.99
0,8,24.89
1,0,26.82
1,1,26.71
1,2,26.5
1,3,26.23
1,4,25.91
1,5,25.59
1,6,25.31
1,7,25.1
1,8,24.98
2,0,27.2
2,1,27.08
2,2,26.85
2,3,26.54
2,4,26.19
2,5,25.84
2,6,25.52
2,7,25.29
2,8,25.17
3,0,27.73
3,1,27.59
3,2,27.33
3,3,26.97
3,4,26.57
3,5,26.17
3,6,25.81
3,7,25.55
3,8,25.41
4,0,28.33
4,1,28.17
4,2,27.87
4,3,27.46
4,4,27.01
4,5,26.55
4,6,26.15
4,7,25.85
4,8,25.7
5,0,28.93
5,1,28.75
5,2,28.41
5,3,27.96
5,4,27.45
5,5,26.94
5,6,26.49
5,7,26.16
5,8,25.98
6,0,29.46
6,1,29.27
6,2,28.9
6,3,28.4
6,4,27.84
6,5,27.28
6,6,26.79
6,7,26.43
6,8,26.24
7,0,29.86
7,1,29.65
7,2,29.26
7,3,28.73
7,4,28.13
7,5,27.54
7,6,27.02
7,7,26.63
7,8,26.43
8,0,30.08
8,1,29.86
8,2,29.45
8,3,28.9
8,4,28.29
8,5,27.67
8,6,27.14
8,7,26.74
8,8,26.53
0,0,26.63
0,1,26.52
0,2,26.33
0,3,26.07
0,4,25.78
0,5,25.48
0,6,25.21
0,7,25.02
0,8,24.91
1,0,26.83
1,1,26.72
1,2,26.51
1,3,26.24
1,4,25.92
1,5,25.61
1,6,25.33
1,7,25.12
1,8,25.01
2,0,27.21
2,1,27.09
2,2,26.86
2,3,26.55
2,4,26.2
2,5,25.85
2,6,25.54
2,7,25.31
2,8,25.19
3,0,27.72
3,1,27.58
3,2,27.32
3,3,26.97
3,4,26.58
3,5,26.18
3,6,25.83
3,7,25.57
3,8,25.43
4,0,28.31
4,1,28.15
4,2,27.86
4,3,27.46
4,4,27.01
4,5,26.56
4,6,26.16
4,7,25.87
4,8,25.71
5,0,28.9
5,1,28.72
5,2,28.39
5,3,27.95
5,4,27.44
5,5,26.94
5,6,26.5
5,7,26.17
5,8,26.0
6,0,29.43
6,1,29.23
6,2,28.87
6,3,28.38
6,4,27.83
6,5,27.28
6,6,26.8
6,7,26.44
6,8,26.25
7,0,29.82
7,1,29.61
7,2,29.22
7,3,28.7
7,4,28.12
7,5,27.53
7,6,27.02
7,7,26.64
7,8,26.44
8,0,30.03
8,1,29.81
8,2,29.41
8,3,28.88
8,4,28.27
8,5,27.67
8,6,27.14
8,7,26.75
8,8,26.55
0,0,26.64
0,1,26.54
0,2,26.35
0,3,26.09
0,4,25.79
0,5,25.5
0,6,25.24
0,7,25.04
0,8,24.93
1,0,26.83
1,1,26.73
1,2,26.53
1,3,26.25
1,4,25.94
1,5,25.62
1,6,25.35
1,7,25.14
1,8,25.03
2,0,27.21
2,1,27.09
2,2,26.86
2,3,26.56
2,4,26.21
2,5,25.86
2,6,25.56
2,7,25.33
2,8,25.21
3,0,27.71
3,1,27.58
3,2,27.32
3,3,26.98
3,4,26.58
3,5,26.19
3,6,25.85
3,7,25.59
3,8,25.45
4,0,28.29
4,1,28.14
4,2,27.84
4,3,27.45
4,4,27.01
4,5,26.56
4,6,26.17
4,7,25.89
4,8,25.73
5,0,28.87
5,1,28.7
5,2,28.37
5,3,27.93
5,4,27.44
5,5,26.94
5,6,26.51
5,7,26.19
5,8,26.02
6,0,29.39
6,1,29.2
6,2,28.84
6,3,28.36
6,4,27.82
6,5,27.28
6,6,26.8
6,7,26.45
6,8,26.27
7,0,29.77
7,1,29.57
7,2,29.19
7,3,28.68
7,4,28.1
7,5,27.53
7,6,27.02
7,7,26.65
7,8,26.46
8,0,29.98
8,1,29.77
8,2,29.38
8,3,28.85
8,4,28.25
8,5,27.66
8,6,27.14
8,7,26.76
8,8,26.56
0,0,26.65
0,1,26.55
0,2,26.36
0,3,26.1
0,4,25.81
0,5,25.52
0,6,25.26
0,7,25.06
0,8,24.96
1,0,26.84
1,1,26.74
1,2,26.54
1,3,26.26
1,4,25.95
1,5,25.64
1,6,25.37
1,7,25.16
1,8,25.05
2,0,27.21
2,1,27.09
2,2,26.87
2,3,26.57
2,4,26.22
2,5,25.88
2,6,25.58
2,7,25.35
2,8,25.23
3,0,27.7
3,1,27.57
3,2,27.32
3,3,26.98
3,4,26.59
3,5,26.2
3,6,25.86
3,7,25.61
3,8,25.47
4,0,28.27
4,1,28.12
4,2,27.83
4,3,27.45
4,4,27.01
4,5,26.57
4,6,26.19
4,7,25.9
4,8,25.75
5,0,28.84
5,1,28.67
5,2,28.35
5,3,27.92
5,4,27.43
5,5,26.94
5,6,26.52
5,7,26.2
5,8,26.03
6,0,29.35
6,1,29.16
6,2,28.81
6,3,28.34
6,4,27.81
6,5,27.27
6,6,26.81
6,7,26.47
6,8,26.28
7,0,29.73
7,1,29.53
7,2,29.16
7,3,28.65
7,4,28.09
7,5,27.52
7,6,27.03
7,7,26.66
7,8,26.47
8,0,29.93
8,1,29.72
8,2,29.34
8,3,28.82
8,4,28.24
8,5,27.65
8,6,27.14
8,7,26.77
8,8,26.57

Timestep: 75 s
0,0,26.66
0,1,26.56
0,2,26.37
0,3,26.12
0,4,25.83
0,5,25.53
0,6,25.28
0,7,25.08
0,8,24.98
1,0,26.85
1,1,26.74
1,2,26.54
1,3,26.28
1,4,25.97
1,5,25.66
1,6,25.39
1,7,25.18
1,8,25.07
2,0,27.21
2,1,27.09
2,2,26.87
2,3,26.57
2,4,26.23
2,5,25.89
2,6,25.59
2,7,25.37
2,8,25.25
3,0,27.7
3,1,27.56
3,2,27.31
3,3,26.98
3,4,26.6
3,5,26.21
3,6,25.88
3,7,25.63
3,8,25.49
4,0,28.26
4,1,28.11
4,2,27.82
4,3,27.44
4,4,27.01
4,5,26.58
4,6,26.2
4,7,25.92
4,8,25.77
5,0,28.82
5,1,28.65
5,2,28.33
5,3,27.91
5,4,27.43
5,5,26.95
5,6,26.53
5,7,26.21
5,8,26.05
6,0,29.31
6,1,29.13
6,2,28.78
6,3,28.32
6,4,27.8
6,5,27.27
6,6,26.81
6,7,26.48
6,8,26.3
7,0,29.69
7,1,29.49
7,2,29.12
7,3,28.63
7,4,28.07
7,5,27.52
7,6,27.03
7,7,26.67
7,8,26.48
8,0,29.88
8,1,29.68
8,2,29.3
8,3,28.79
8,4,28.22
8,5,27.65
8,6,27.15
8,7,26.78
8,8,26.58
0,0,26.67
0,1,26.57
0,2,26.38
0,3,26.13
0,4,25.84
0,5,25.55
0,6,25.3
0,7,25.11
0,8,25.0
1,0,26.86
1,1,26.75
1,2,26.55
1,3,26.29
1,4,25.98
1,5,25.68
1,6,25.41
1,7,25.2
1,8,25.1
2,0,27.21
2,1,27.09
2,2,26.88
2,3,26.58
2,4,26.25
2,5,25.91
2,6,25.61
2,7,25.39
2,8,25.27
3,0,27.69
3,1,27.56
3,2,27.31
3,3,26.98
3,4,26.6
3,5,26.22
3,6,25.89
3,7,25.64
3,8,25.51
4,0,28.24
4,1,28.09
4,2,27.81
4,3,27.44
4,4,27.01
4,5,26.58
4,6,26.21
4,7,25.93
4,8,25.79
5,0,28.79
5,1,28.62
5,2,28.31
5,3,27.9
5,4,27.42
5,5,26.95
5,6,26.53
5,7,26.23
5,8,26.06
6,0,29.28
6,1,29.1
6,2,28.76
6,3,28.3
6,4,27.78
6,5,27.27
6,6,26.82
6,7,26.49
6,8,26.31
7,0,29.64
7,1,29.45
7,2,29.09
7,3,28.61
7,4,28.06
7,5,27.51
7,6,27.03
7,7,26.68
7,8,26.49
8,0,29.84
8,1,29.64
8,2,29.27
8,3,28.77
8,4,28.2
8,5,27.64
8,6,27.15
8,7,26.78
8,8,26.59
0,0,26.68
0,1,26.58
0,2,26.4
0,3,26.15
0,4,25.86
0,5,25.57
0,6,25.32
0,7,25.13
0,8,25.03
1,0,26.86
1,1,26.76
1,2,26.56
1,3,26.3
1,4,26.0
1,5,25.69
1,6,25.42
1,7,25.22
1,8,25.12
2,0,27.21
2,1,27.1
2,2,26.88
2,3,26.59
2,4,26.26
2,5,25.92
2,6,25.63
2,7,25.41
2,8,25.29
3,0,27.68
3,1,27.55
3,2,27.31
3,3,26.98
3,4,26.61
3,5,26.23
3,6,25.9
3,7,25.66
3,8,25.53
4,0,28.22
4,1,28.08
4,2,27.8
4,3,27.43
4,4,27.01
4,5,26.59
4,6,26.22
4,7,25.95
4,8,25.8
5,0,28.76
5,1,28.6
5,2,28.29
5,3,27.88
5,4,27.42
5,5,26.95
5,6,26.54
5,7,26.24
5,8,26.08
6,0,29.24
6,1,29.07
6,2,28.73
6,3,28.28
6,4,27.77
6,5,27.27
6,6,26.82
6,7,26.5
6,8,26.32
7,0,29.6
7,1,29.41
7,2,29.06
7,3,28.58
7,4,28.04
7,5,27.51
7,6,27.04
7,7,26.69
7,8,26.51
8,0,29.79
8,1,29.6
8,2,29.23
8,3,28.74
8,4,28.19
8,5,27.63
8,6,27.15
8,7,26.79
8,8,26.6
0,0,26.69
0,1,26.59
0,2,26.41
0,3,26.16
0,4,25.87
0,5,25.59
0,6,25.34
0,7,25.15
0,8,25.05
1,0,26.87
1,1,26.77
1,2,26.57
1,3,26.31
1,4,26.01
1,5,25.71
1,6,25.44
1,7,25.25
1,8,25.14
2,0,27.21
2,1,27.1
2,2,26.88
2,3,26.6
2,4,26.27
2,5,25.94
2,6,25.65
2,7,25.43
2,8,25.31
3,0,27.68
3,1,27.55
3,2,27.31
3,3,26.98
3,4,26.61
3,5,26.24
3,6,25.92
3,7,25.68
3,8,25.55
4,0,28.21
4,1,28.06
4,2,27.79
4,3,27.42
4,4,27.01
4,5,26.6
4,6,26.23
4,7,25.96
4,8,25.82
5,0,28.74
5,1,28.58
5,2,28.28
5,3,27.87
5,4,27.41
5,5,26.95
5,6,26.55
5,7,26.25
5,8,26.09
6,0,29.21
6,1,29.03
6,2,28.71
6,3,28.26
6,4,27.76
6,5,27.27
6,6,26.83
6,7,26.51
6,8,26.34
7,0,29.56
7,1,29.37
7,2,29.03
7,3,28.56
7,4,28.03
7,5,27.5
7,6,27.04
7,7,26.7
7,8,26.52
8,0,29.75
8,1,29.56
8,2,29.2
8,3,28.72
8,4,28.17
8,5,27.63
8,6,27.15
8,7,26.8
8,8,26.61
0,0,26.7
0,1,26.6
0,2,26.42
0,3,26.17
0,4,25.89
0,5,25.61
0,6,25.36
0,7,25.17
0,8,25.07
1,0,26.88
1,1,26.77
1,2,26.58
1,3,26.32
1,4,26.02
1,5,25.73
1,6,25.46
1,7,25.27
1,8,25.16
2,0,27.21
2,1,27.1
2,2,26.89
2,3,26.6
2,4,26.28
2,5,25.95
2,6,25.66
2,7,25.45
2,8,25.33
3,0,27.67
3,1,27.54
3,2,27.3
3,3,26.98
3,4,26.62
3,5,26.25
3,6,25.93
3,7,25.7
3,8,25.57
4,0,28.19
4,1,28.05
4,2,27.78
4,3,27.42
4,4,27.01
4,5,26.6
4,6,26.24
4,7,25.98
4,8,25.84
5,0,28.71
5,1,28.55
5,2,28.26
5,3,27.86
5,4,27.41
5,5,26.95
5,6,26.56
5,7,26.26
5,8,26.11
6,0,29.18
6,1,29.0
6,2,28.68
6,3,28.25
6,4,27.75
6,5,27.26
6,6,26.83
6,7,26.52
6,8,26.35
7,0,29.52
7,1,29.34
7,2,29.0
7,3,28.54
7,4,28.01
7,5,27.5
7,6,27.04
7,7,26.71
7,8,26.53
8,0,29.7
8,1,29.52
8,2,29.16
8,3,28.69
8,4,28.15
8,5,27.62
8,6,27.15
8,7,26.81
8,8,26.62

Timestep: 80 s
0,0,26.71
0,1,26.61
0,2,26.43
0,3,26.19
0,4,25.91
0,5,25.62
0,6,25.38
0,7,25.19
0,8,25.09
1,0,26.88
1,1,26.78
1,2,26.59
1,3,26.33
1,4,26.04
1,5,25.74
1,6,25.48
1,7,25.29
1,8,25.18
2,0,27.21
2,1,27.1
2,2,26.89
2,3,26.61
2,4,26.29
2,5,25.96
2,6,25.68
2,7,25.47
2,8,25.35
3,0,27.66
3,1,27.54
3,2,27.3
3,3,26.98
3,4,26.62
3,5,26.26
3,6,25.95
3,7,25.71
3,8,25.59
4,0,28.17
4,1,28.03
4,2,27.77
4,3,27.41
4,4,27.01
4,5,26.61
4,6,26.26
4,7,25.99
4,8,25.85
5,0,28.69
5,1,28.53
5,2,28.24
5,3,27.85
5,4,27.4
5,5,26.96
5,6,26.57
5,7,26.28
5,8,26.12
6,0,29.14
6,1,28.97
6,2,28.65
6,3,28.23
6,4,27.74
6,5,27.26
6,6,26.84
6,7,26.53
6,8,26.36
7,0,29.48
7,1,29.3
7,2,28.96
7,3,28.51
7,4,28.0
7,5,27.49
7,6,27.04
7,7,26.71
7,8,26.54
8,0,29.66
8,1,29.48
8,2,29.13
8,3,28.66
8,4,28.14
8,5,27.61
8,6,27.15
8,7,26.81
8,8,26.63
0,0,26.72
0,1,26.62
0,2,26.44
0,3,26.2
0,4,25.92
0,5,25.64
0,6,25.4
0,7,25.21
0,8,25.11
1,0,26.89
1,1,26.79
1,2,26.6
1,3,26.34
1,4,26.05
1,5,25.76
1,6,25.5
1,7,25.31
1,8,25.2
2,0,27.21
2,1,27.1
2,2,26.9
2,3,26.62
2,4,26.3
2,5,25.98
2,6,25.7
2,7,25.49
2,8,25.37
3,0,27.65
3,1,27.53
3,2,27.3
3,3,26.99
3,4,26.63
3,5,26.27
3,6,25.96
3,7,25.73
3,8,25.61
4,0,28.16
4,1,28.02
4,2,27.76
4,3,27.41
4,4,27.01
4,5,26.61
4,6,26.27
4,7,26.01
4,8,25.87
5,0,28.66
5,1,28.51
5,2,28.22
5,3,27.83
5,4,27.4
5,5,26.96
5,6,26.57
5,7,26.29
5,8,26.14
6,0,29.11
6,1,28.94
6,2,28.63
6,3,28.21
6,4,27.73
6,5,27.26
6,6,26.84
6,7,26.54
6,8,26.37
7,0,29.44
7,1,29.27
7,2,28.93
7,3,28.49
7,4,27.99
7,5,27.49
7,6,27.05
7,7,26.72
7,8,26.55
8,0,29.62
8,1,29.44
8,2,29.1
8,3,28.64
8,4,28.12
8,5,27.61
8,6,27.15
8,7,26.82
8,8,26.64
0,0,26.73
0,1,26.63
0,2,26.45
0,3,26.21
0,4,25.94
0,5,25.66
0,6,25.41
0,7,25.23
0,8,25.14
1,0,26.9
1,1,26.8
1,2,26.61
1,3,26.35
1,4,26.06
1,5,25.77
1,6,25.52
1,7,25.33
1,8,25.23
2,0,27.22
2,1,27.11
2,2,26.9
2,3,26.62
2,4,26.31
2,5,25.99
2,6,25.71
2,7,25.51
2,8,25.39
3,0,27.65
3,1,27.53
3,2,27.3
3,3,26.99
3,4,26.64
3,5,26.28
3,6,25.98
3,7,25.75
3,8,25.62
4,0,28.14
4,1,28.01
4,2,27.75
4,3,27.4
4,4,27.01
4,5,26.62
4,6,26.28
4,7,26.02
4,8,25.89
5,0,28.64
5,1,28.49
5,2,28.2
5,3,27.82
5,4,27.39
5,5,26.96
5,6,26.58
5,7,26.3
5,8,26.15
6,0,29.08
6,1,28.91
6,2,28.61
6,3,28.19
6,4,27.72
6,5,27.26
6,6,26.85
6,7,26.55
6,8,26.38
7,0,29.4
7,1,29.23
7,2,28.91
7,3,28.47
7,4,27.97
7,5,27.48
7,6,27.05
7,7,26.73
7,8,26.56
8,0,29.58
8,1,29.4
8,2,29.07
8,3,28.62
8,4,28.11
8,5,27.6
8,6,27.16
8,7,26.83
8,8,26.65
0,0,26.73
0,1,26.64
0,2,26.46
0,3,26.22
0,4,25.95
0,5,25.68
0,6,25.43
0,7,25.25
0,8,25.16
1,0,26.9
1,1,26.8
1,2,26.62
1,3,26.36
1,4,26.08
1,5,25.79
1,6,25.54
1,7,25.35
1,8,25.25
2,0,27.22
2,1,27.11
