Timestep: 0 s
0,0,19.44
0,1,19.13
0,2,18.75
0,3,17.94
0,4,17.0
0,5,15.81
0,6,15.25
0,7,15.06
0,8,14.69
1,0,19.5
1,1,19.19
1,2,18.63
1,3,17.56
1,4,15.75
1,5,16.69
1,6,16.06
1,7,16.06
1,8,16.06
2,0,19.25
2,1,18.88
2,2,17.31
2,3,17.81
2,4,17.0
2,5,14.88
2,6,14.44
2,7,14.0
2,8,14.63
3,0,18.56
3,1,18.38
3,2,17.13
3,3,16.44
3,4,16.19
3,5,12.56
3,6,10.81
3,7,12.44
3,8,12.44
4,0,18.81
4,1,17.56
4,2,16.38
4,3,15.5
4,4,15.5
4,5,14.13
4,6,10.5
4,7,10.44
4,8,9.5
5,0,18.0
5,1,17.69
5,2,16.0
5,3,14.19
5,4,12.81
5,5,11.13
5,6,11.56
5,7,5.5
5,8,6.56
6,0,18.31
6,1,16.81
6,2,15.94
6,3,14.81
6,4,13.94
6,5,8.88
6,6,8.19
6,7,1.94
6,8,3.13
7,0,17.69
7,1,17.13
7,2,15.75
7,3,15.06
7,4,12.44
7,5,11.0
7,6,5.5
7,7,-1.69
7,8,-11.88
8,0,18.31
8,1,18.13
8,2,16.06
8,3,13.06
8,4,11.31
8,5,11.44
8,6,5.0
8,7,-4.19
8,8,-10.25
0,0,19.41
0,1,19.12
0,2,18.68
0,3,17.88
0,4,16.88
0,5,15.94
0,6,15.37
0,7,15.14
0,8,14.86
1,0,19.43
1,1,19.11
1,2,18.48
1,3,17.55
1,4,16.19
1,5,16.32
1,6,15.85
1,7,15.76
1,8,15.77
2,0,19.16
2,1,18.75
2,2,17.58
2,3,17.54
2,4,16.69
2,5,14.97
2,6,14.29
2,7,14.1
2,8,14.48
3,0,18.61
3,1,18.25
3,2,17.14
3,3,16.49
3,4,15.88
3,5,13.09
3,6,11.46
3,7,12.27
3,8,12.35
4,0,18.59
4,1,17.63
4,2,16.45
4,3,15.55
4,4,15.16
4,5,13.54
4,6,10.89
4,7,10.14
4,8,9.56
5,0,18.04
5,1,17.48
5,2,16.02
5,3,14.43
5,4,13.11
5,5,11.37
5,6,10.6
5,7,6.25
5,8,6.39
6,0,18.09
6,1,16.95
6,2,15.92
6,3,14.76
6,4,13.37
6,5,9.62
6,6,7.76
6,7,2.58
6,8,2.05
7,0,17.74
7,1,17.12
7,2,15.83
7,3,14.7
7,4,12.52
7,5,10.48
7,6,5.48
7,7,-1.66
7,8,-9.28
8,0,18.21
8,1,17.83
8,2,15.94
8,3,13.37
8,4,11.59
8,5,10.73
8,6,4.77
8,7,-3.62
8,8,-9.61
0,0,19.38
0,1,19.1
0,2,18.62
0,3,17.82
0,4,16.83
0,5,16.0
0,6,15.45
0,7,15.19
0,8,14.97
1,0,19.36
1,1,19.04
1,2,18.39
1,3,17.53
1,4,16.42
1,5,16.11
1,6,15.68
1,7,15.54
1,8,15.54
2,0,19.09
2,1,18.66
2,2,17.71
2,3,17.36
2,4,16.48
2,5,15.01
2,6,14.24
2,7,14.11
2,8,14.35
3,0,18.61
3,1,18.17
3,2,17.17
3,3,16.49
3,4,15.68
3,5,13.41
3,6,11.92
3,7,12.19
3,8,12.27
4,0,18.45
4,1,17.64
4,2,16.51
4,3,15.58
4,4,14.9
4,5,13.22
4,6,11.06
4,7,10.02
4,8,9.56
5,0,18.02
5,1,17.37
5,2,16.04
5,3,14.6
5,4,13.27
5,5,11.48
5,6,10.05
5,7,6.66
5,8,6.26
6,0,17.94
6,1,17.01
6,2,15.91
6,3,14.68
6,4,13.07
6,5,10.0
6,6,7.51
6,7,2.95
6,8,1.53
7,0,17.74
7,1,17.1
7,2,15.85
7,3,14.49
7,4,12.49
7,5,10.13
7,6,5.4
7,7,-1.36
7,8,-7.43
8,0,18.11
8,1,17.61
8,2,15.87
8,3,13.57
8,4,11.75
8,5,10.18
8,6,4.59
8,7,-3.15
8,8,-8.83
0,0,19.34
0,1,19.06
0,2,18.56
0,3,17.77
0,4,16.81
0,5,16.03
0,6,15.49
0,7,15.23
0,8,15.05
1,0,19.29
1,1,18.97
1,2,18.32
1,3,17.51
1,4,16.52
1,5,15.99
1,6,15.54
1,7,15.37
1,8,15.36
2,0,19.02
2,1,18.6
2,2,17.77
2,3,17.24
2,4,16.34
2,5,15.02
2,6,14.22
2,7,14.08
2,8,14.22
3,0,18.59
3,1,18.11
3,2,17.19
3,3,16.46
3,4,15.54
3,5,13.61
3,6,12.23
3,7,12.16
3,8,12.19
4,0,18.34
4,1,17.62
4,2,16.55
4,3,15.59
4,4,14.72
4,5,13.04
4,6,11.14
4,7,9.98
4,8,9.54
5,0,17.98
5,1,17.3
5,2,16.07
5,3,14.71
5,4,13.35
5,5,11.53
5,6,9.74
5,7,6.89
5,8,6.16
6,0,17.84
6,1,17.03
6,2,15.9
6,3,14.61
6,4,12.91
6,5,10.17
6,6,7.36
6,7,3.2
6,8,1.34
7,0,17.72
7,1,17.07
7,2,15.83
7,3,14.36
7,4,12.42
7,5,9.89
7,6,5.33
7,7,-0.96
7,8,-6.05
8,0,18.01
8,1,17.43
8,2,15.81
8,3,13.7
8,4,11.83
8,5,9.77
8,6,4.46
8,7,-2.72
8,8,-7.99
0,0,19.3
0,1,19.02
0,2,18.5
0,3,17.72
0,4,16.8
0,5,16.05
0,6,15.52
0,7,15.25
0,8,15.09
1,0,19.23
1,1,18.9
1,2,18.27
1,3,17.49
1,4,16.56
1,5,15.91
1,6,15.43
1,7,15.24
1,8,15.21
2,0,18.95
2,1,18.54
2,2,17.78
2,3,17.15
2,4,16.24
2,5,15.03
2,6,14.23
2,7,14.04
2,8,14.11
3,0,18.55
3,1,18.06
3,2,17.2
3,3,16.43
3,4,15.44
3,5,13.74
3,6,12.44
3,7,12.15
3,8,12.12
4,0,18.25
4,1,17.6
4,2,16.57
4,3,15.6
4,4,14.58
4,5,12.94
4,6,11.18
4,7,9.97
4,8,9.5
5,0,17.92
5,1,17.25
5,2,16.09
5,3,14.78
5,4,13.39
5,5,11.54
5,6,9.56
5,7,7.03
5,8,6.09
6,0,17.75
6,1,17.02
6,2,15.89
6,3,14.55
6,4,12.81
6,5,10.25
6,6,7.27
6,7,3.39
6,8,1.33
7,0,17.69
7,1,17.04
7,2,15.81
7,3,14.28
7,4,12.33
7,5,9.69
7,6,5.27
7,7,-0.54
7,8,-4.95
8,0,17.91
8,1,17.28
8,2,15.76
8,3,13.78
8,4,11.85
8,5,9.45
8,6,4.36
8,7,-2.3
8,8,-7.16

Timestep: 5 s
0,0,19.26
0,1,18.98
0,2,18.44
0,3,17.68
0,4,16.79
0,5,16.05
0,6,15.53
0,7,15.25
0,8,15.11
1,0,19.17
1,1,18.84
1,2,18.22
1,3,17.46
1,4,16.57
1,5,15.85
1,6,15.34
1,7,15.13
1,8,15.08
2,0,18.89
2,1,18.49
2,2,17.78
2,3,17.08
2,4,16.16
2,5,15.03
2,6,14.23
2,7,13.99
2,8,14.0
3,0,18.5
3,1,18.02
3,2,17.2
3,3,16.39
3,4,15.36
3,5,13.82
3,6,12.59
3,7,12.15
3,8,12.05
4,0,18.18
4,1,17.57
4,2,16.59
4,3,15.59
4,4,14.49
4,5,12.87
4,6,11.19
4,7,9.97
4,8,9.46
5,0,17.86
5,1,17.21
5,2,16.1
5,3,14.83
5,4,13.39
5,5,11.53
5,6,9.45
5,7,7.11
5,8,6.06
6,0,17.69
6,1,17.0
6,2,15.88
6,3,14.5
6,4,12.74
6,5,10.26
6,6,7.22
6,7,3.56
6,8,1.44
7,0,17.64
7,1,16.99
7,2,15.77
7,3,14.21
7,4,12.25
7,5,9.54
7,6,5.25
7,7,-0.13
7,8,-4.05
8,0,17.81
8,1,17.16
8,2,15.71
8,3,13.83
8,4,11.84
8,5,9.2
8,6,4.3
8,7,-1.89
8,8,-6.36
0,0,19.22
0,1,18.93
0,2,18.39
0,3,17.64
0,4,16.78
0,5,16.05
0,6,15.53
0,7,15.25
0,8,15.12
1,0,19.11
1,1,18.78
1,2,18.18
1,3,17.42
1,4,16.56
1,5,15.81
1,6,15.28
1,7,15.04
1,8,14.97
2,0,18.83
2,1,18.44
2,2,17.76
2,3,17.02
2,4,16.1
2,5,15.02
2,6,14.23
2,7,13.94
2,8,13.9
3,0,18.45
3,1,17.98
3,2,17.19
3,3,16.35
3,4,15.3
3,5,13.87
3,6,12.69
3,7,12.15
3,8,11.99
4,0,18.11
4,1,17.53
4,2,16.6
4,3,15.58
4,4,14.41
4,5,12.83
4,6,11.2
4,7,9.98
4,8,9.43
5,0,17.8
5,1,17.17
5,2,16.11
5,3,14.85
5,4,13.39
5,5,11.51
5,6,9.38
5,7,7.17
5,8,6.05
6,0,17.62
6,1,16.97
6,2,15.86
6,3,14.47
6,4,12.68
6,5,10.25
6,6,7.19
6,7,3.72
6,8,1.61
7,0,17.59
7,1,16.94
7,2,15.74
7,3,14.16
7,4,12.18
7,5,9.41
7,6,5.25
7,7,0.25
7,8,-3.29
8,0,17.72
8,1,17.06
8,2,15.67
8,3,13.85
8,4,11.8
8,5,9.0
8,6,4.28
8,7,-1.49
8,8,-5.59
0,0,19.17
0,1,18.88
0,2,18.35
0,3,17.61
0,4,16.77
0,5,16.05
0,6,15.53
0,7,15.24
0,8,15.11
1,0,19.05
1,1,18.73
1,2,18.14
1,3,17.39
1,4,16.54
1,5,15.78
1,6,15.23
1,7,14.96
1,8,14.88
2,0,18.78
2,1,18.39
2,2,17.73
2,3,16.97
2,4,16.04
2,5,15.01
2,6,14.23
2,7,13.89
2,8,13.81
3,0,18.4
3,1,17.95
3,2,17.18
3,3,16.32
3,4,15.25
3,5,13.9
3,6,12.76
3,7,12.15
3,8,11.94
4,0,18.05
4,1,17.5
4,2,16.6
4,3,15.57
4,4,14.36
4,5,12.8
4,6,11.21
4,7,9.98
4,8,9.4
5,0,17.75
5,1,17.14
5,2,16.11
5,3,14.86
5,4,13.37
5,5,11.48
5,6,9.34
5,7,7.22
5,8,6.07
6,0,17.57
6,1,16.94
6,2,15.84
6,3,14.43
6,4,12.63
6,5,10.22
6,6,7.18
6,7,3.87
6,8,1.82
7,0,17.53
7,1,16.89
7,2,15.7
7,3,14.11
7,4,12.1
7,5,9.31
7,6,5.28
7,7,0.61
7,8,-2.62
8,0,17.63
8,1,16.96
8,2,15.63
8,3,13.85
8,4,11.75
8,5,8.84
8,6,4.28
8,7,-1.1
8,8,-4.87
0,0,19.12
0,1,18.84
0,2,18.3
0,3,17.57
0,4,16.76
0,5,16.04
0,6,15.52
0,7,15.22
0,8,15.09
1,0,19.0
1,1,18.68
1,2,18.1
1,3,17.35
1,4,16.52
1,5,15.75
1,6,15.18
1,7,14.9
1,8,14.8
2,0,18.72
2,1,18.35
2,2,17.7
2,3,16.93
2,4,16.0
2,5,15.0
2,6,14.22
2,7,13.84
2,8,13.73
3,0,18.35
3,1,17.91
3,2,17.16
3,3,16.28
3,4,15.21
3,5,13.92
3,6,12.8
3,7,12.14
3,8,11.89
4,0,17.99
4,1,17.47
4,2,16.59
4,3,15.55
4,4,14.31
4,5,12.77
4,6,11.21
4,7,9.99
4,8,9.38
5,0,17.69
5,1,17.11
5,2,16.11
5,3,14.86
5,4,13.35
5,5,11.46
5,6,9.32
5,7,7.26
5,8,6.1
6,0,17.51
6,1,16.9
6,2,15.82
6,3,14.4
6,4,12.59
6,5,10.19
6,6,7.18
6,7,4.03
6,8,2.04
7,0,17.47
7,1,16.84
7,2,15.66
7,3,14.07
7,4,12.04
7,5,9.23
7,6,5.32
7,7,0.94
7,8,-2.03
8,0,17.54
8,1,16.88
8,2,15.58
8,3,13.84
8,4,11.7
8,5,8.72
8,6,4.32
8,7,-0.72
8,8,-4.2
0,0,19.07
0,1,18.79
0,2,18.25
0,3,17.54
0,4,16.74
0,5,16.03
0,6,15.5
0,7,15.2
0,8,15.07
1,0,18.94
1,1,18.63
1,2,18.06
1,3,17.32
1,4,16.49
1,5,15.72
1,6,15.14
1,7,14.84
1,8,14.72
2,0,18.67
2,1,18.31
2,2,17.67
2,3,16.89
2,4,15.96
2,5,14.99
2,6,14.21
2,7,13.8
2,8,13.66
3,0,18.3
3,1,17.88
3,2,17.14
3,3,16.25
3,4,15.17
3,5,13.93
3,6,12.83
3,7,12.13
3,8,11.84
4,0,17.94
4,1,17.44
4,2,16.58
4,3,15.53
4,4,14.27
4,5,12.75
4,6,11.21
4,7,9.99
4,8,9.36
5,0,17.64
5,1,17.08
5,2,16.1
5,3,14.85
5,4,13.33
5,5,11.44
5,6,9.3
5,7,7.31
5,8,6.15
6,0,17.46
6,1,16.86
6,2,15.79
6,3,14.37
6,4,12.54
6,5,10.15
6,6,7.2
6,7,4.18
6,8,2.27
7,0,17.41
7,1,16.79
7,2,15.62
7,3,14.03
7,4,11.97
7,5,9.16
7,6,5.37
7,7,1.26
7,8,-1.49
8,0,17.46
8,1,16.81
8,2,15.54
8,3,13.81
8,4,11.64
8,5,8.63
8,6,4.37
8,7,-0.35
8,8,-3.56

Timestep: 10 s
0,0,19.03
0,1,18.74
0,2,18.21
0,3,17.5
0,4,16.72
0,5,16.01
0,6,15.49
0,7,15.18
0,8,15.04
1,0,18.89
1,1,18.58
1,2,18.02
1,3,17.28
1,4,16.47
1,5,15.69
1,6,15.11
1,7,14.78
1,8,14.66
2,0,18.62
2,1,18.26
2,2,17.64
2,3,16.85
2,4,15.93
2,5,14.97
2,6,14.2
2,7,13.76
2,8,13.59
3,0,18.25
3,1,17.84
3,2,17.12
3,3,16.22
3,4,15.14
3,5,13.93
3,6,12.84
3,7,12.12
3,8,11.8
4,0,17.89
4,1,17.41
4,2,16.57
4,3,15.51
4,4,14.24
4,5,12.73
4,6,11.22
4,7,10.0
4,8,9.36
5,0,17.59
5,1,17.05
5,2,16.09
5,3,14.84
5,4,13.3
5,5,11.41
5,6,9.3
5,7,7.36
5,8,6.22
6,0,17.4
6,1,16.82
6,2,15.77
6,3,14.34
6,4,12.5
6,5,10.12
6,6,7.23
6,7,4.33
6,8,2.51
7,0,17.35
7,1,16.74
7,2,15.58
7,3,13.99
7,4,11.92
7,5,9.11
7,6,5.43
7,7,1.56
7,8,-0.99
8,0,17.38
8,1,16.74
8,2,15.5
8,3,13.78
8,4,11.58
8,5,8.56
8,6,4.44
8,7,0.0
8,8,-2.97
0,0,18.98
0,1,18.7
0,2,18.17
0,3,17.47
0,4,16.7
0,5,15.99
0,6,15.47
0,7,15.15
0,8,15.01
1,0,18.84
1,1,18.53
1,2,17.98
1,3,17.25
1,4,16.44
1,5,15.67
1,6,15.08
1,7,14.74
1,8,14.6
2,0,18.57
2,1,18.22
2,2,17.6
2,3,16.81
2,4,15.9
2,5,14.95
2,6,14.19
2,7,13.72
2,8,13.53
3,0,18.21
3,1,17.8
3,2,17.09
3,3,16.19
3,4,15.11
3,5,13.92
3,6,12.85
3,7,12.11
3,8,11.76
4,0,17.84
4,1,17.37
4,2,16.55
4,3,15.49
4,4,14.21
4,5,12.72
4,6,11.22
4,7,10.01
4,8,9.35
5,0,17.54
5,1,17.01
5,2,16.07
5,3,14.83
5,4,13.28
5,5,11.39
5,6,9.31
5,7,7.41
5,8,6.29
6,0,17.35
6,1,16.78
6,2,15.74
6,3,14.31
6,4,12.47
6,5,10.1
6,6,7.27
6,7,4.49
6,8,2.74
7,0,17.29
7,1,16.68
7,2,15.54
7,3,13.95
7,4,11.86
7,5,9.07
7,6,5.51
7,7,1.85
7,8,-0.54
8,0,17.3
8,1,16.67
8,2,15.45
8,3,13.75
8,4,11.53
8,5,8.5
8,6,4.52
8,7,0.35
8,8,-2.41
0,0,18.93
0,1,18.65
0,2,18.13
0,3,17.43
0,4,16.67
0,5,15.98
0,6,15.45
0,7,15.12
0,8,14.98
1,0,18.79
1,1,18.49
1,2,17.93
1,3,17.21
1,4,16.41
1,5,15.64
1,6,15.05
1,7,14.69
1,8,14.54
2,0,18.52
2,1,18.18
2,2,17.57
2,3,16.78
2,4,15.87
2,5,14.94
2,6,14.17
2,7,13.68
2,8,13.47
3,0,18.16
3,1,17.77
3,2,17.07
3,3,16.16
3,4,15.09
3,5,13.92
3,6,12.85
3,7,12.1
3,8,11.73
4,0,17.8
4,1,17.34
4,2,16.53
4,3,15.47
4,4,14.18
4,5,12.7
4,6,11.22
4,7,10.01
4,8,9.35
5,0,17.49
5,1,16.98
5,2,16.05
5,3,14.81
5,4,13.25
5,5,11.37
5,6,9.31
5,7,7.46
5,8,6.36
6,0,17.3
6,1,16.74
6,2,15.71
6,3,14.28
6,4,12.43
6,5,10.08
6,6,7.31
6,7,4.64
6,8,2.97
7,0,17.23
7,1,16.63
7,2,15.5
7,3,13.91
7,4,11.81
7,5,9.04
7,6,5.59
7,7,2.12
7,8,-0.11
8,0,17.23
8,1,16.6
8,2,15.41
8,3,13.71
8,4,11.47
8,5,8.46
8,6,4.62
8,7,0.68
8,8,-1.89
0,0,18.88
0,1,18.6
0,2,18.08
0,3,17.4
0,4,16.65
0,5,15.96
0,6,15.42
0,7,15.09
0,8,14.94
1,0,18.74
1,1,18.44
1,2,17.89
1,3,17.18
1,4,16.38
1,5,15.62
1,6,15.02
1,7,14.65
1,8,14.49
2,0,18.47
2,1,18.13
2,2,17.53
2,3,16.74
2,4,15.84
2,5,14.92
2,6,14.15
2,7,13.65
2,8,13.42
3,0,18.11
3,1,17.73
3,2,17.04
3,3,16.13
3,4,15.06
3,5,13.91
3,6,12.85
3,7,12.09
3,8,11.7
4,0,17.75
4,1,17.31
4,2,16.51
4,3,15.45
4,4,14.16
4,5,12.69
4,6,11.22
4,7,10.02
4,8,9.36
5,0,17.45
5,1,16.95
5,2,16.03
5,3,14.79
5,4,13.23
5,5,11.36
5,6,9.33
5,7,7.52
5,8,6.45
6,0,17.25
6,1,16.7
6,2,15.68
6,3,14.25
6,4,12.4
6,5,10.06
6,6,7.36
6,7,4.79
6,8,3.2
7,0,17.17
7,1,16.58
7,2,15.46
7,3,13.87
7,4,11.77
7,5,9.02
7,6,5.68
7,7,2.38
7,8,0.29
8,0,17.16
8,1,16.54
8,2,15.36
8,3,13.67
8,4,11.43
8,5,8.44
8,6,4.73
8,7,1.0
8,8,-1.4
0,0,18.83
0,1,18.56
0,2,18.04
0,3,17.37
0,4,16.63
0,5,15.94
0,6,15.4
0,7,15.06
0,8,14.91
1,0,18.69
1,1,18.4
1,2,17.85
1,3,17.14
1,4,16.35
1,5,15.6
1,6,14.99
1,7,14.61
1,8,14.44
2,0,18.42
2,1,18.09
2,2,17.49
2,3,16.71
2,4,15.81
2,5,14.9
2,6,14.13
2,7,13.62
2,8,13.37
3,0,18.07
3,1,17.69
3,2,17.01
3,3,16.1
3,4,15.04
3,5,13.89
3,6,12.84
3,7,12.07
3,8,11.68
4,0,17.71
4,1,17.27
4,2,16.48
4,3,15.42
4,4,14.13
4,5,12.68
4,6,11.22
4,7,10.04
4,8,9.37
5,0,17.4
5,1,16.91
5,2,16.0
5,3,14.76
5,4,13.2
5,5,11.34
5,6,9.35
5,7,7.58
5,8,6.54
6,0,17.2
6,1,16.66
6,2,15.65
6,3,14.22
6,4,12.37
6,5,10.05
6,6,7.41
6,7,4.94
6,8,3.42
7,0,17.11
7,1,16.53
7,2,15.42
7,3,13.83
7,4,11.73
7,5,9.01
7,6,5.77
7,7,2.64
7,8,0.66
8,0,17.09
8,1,16.48
8,2,15.31
8,3,13.63
8,4,11.38
8,5,8.43
8,6,4.84
8,7,1.31
8,8,-0.94

Timestep: 15 s
0,0,18.78
0,1,18.51
0,2,18.0
0,3,17.33
0,4,16.6
0,5,15.91
0,6,15.38
0,7,15.03
0,8,14.87
1,0,18.64
1,1,18.35
1,2,17.82
1,3,17.11
1,4,16.33
1,5,15.57
1,6,14.97
1,7,14.57
1,8,14.39
2,0,18.37
2,1,18.05
2,2,17.46
2,3,16.68
2,4,15.78
2,5,14.88
2,6,14.11
2,7,13.59
2,8,13.33
3,0,18.02
3,1,17.65
3,2,16.98
3,3,16.08
3,4,15.01
3,5,13.88
3,6,12.84
3,7,12.06
3,8,11.65
4,0,17.66
4,1,17.24
4,2,16.45
4,3,15.4
4,4,14.11
4,5,12.66
4,6,11.22
4,7,10.05
4,8,9.39
5,0,17.36
5,1,16.88
5,2,15.98
5,3,14.74
5,4,13.18
5,5,11.33
5,6,9.37
5,7,7.64
5,8,6.63
6,0,17.15
6,1,16.62
6,2,15.61
6,3,14.19
6,4,12.34
6,5,10.04
6,6,7.47
6,7,5.09
6,8,3.63
7,0,17.05
7,1,16.48
7,2,15.38
7,3,13.79
7,4,11.69
7,5,9.01
7,6,5.87
7,7,2.88
7,8,1.01
8,0,17.02
8,1,16.42
8,2,15.27
8,3,13.59
8,4,11.34
8,5,8.43
8,6,4.96
8,7,1.61
8,8,-0.51
0,0,18.74
0,1,18.46
0,2,17.96
0,3,17.3
0,4,16.57
0,5,15.89
0,6,15.35
0,7,15.0
0,8,14.83
1,0,18.59
1,1,18.31
1,2,17.78
1,3,17.08
1,4,16.3
1,5,15.55
1,6,14.94
1,7,14.54
1,8,14.34
2,0,18.33
2,1,18.01
2,2,17.42
2,3,16.64
2,4,15.76
2,5,14.86
2,6,14.09
2,7,13.55
2,8,13.29
3,0,17.98
3,1,17.61
3,2,16.95
3,3,16.05
3,4,14.99
3,5,13.86
3,6,12.83
3,7,12.05
3,8,11.63
4,0,17.62
4,1,17.2
4,2,16.43
4,3,15.37
4,4,14.09
4,5,12.65
4,6,11.23
4,7,10.06
4,8,9.41
5,0,17.31
5,1,16.84
5,2,15.95
5,3,14.71
5,4,13.16
5,5,11.33
5,6,9.39
5,7,7.71
5,8,6.72
6,0,17.1
6,1,16.58
6,2,15.58
6,3,14.16
6,4,12.31
6,5,10.04
6,6,7.53
6,7,5.23
6,8,3.84
7,0,16.99
7,1,16.43
7,2,15.34
7,3,13.76
7,4,11.66
7,5,9.01
7,6,5.96
7,7,3.11
7,8,1.35
8,0,16.96
8,1,16.36
8,2,15.22
8,3,13.55
8,4,11.31
8,5,8.43
8,6,5.08
8,7,1.89
8,8,-0.1
0,0,18.69
0,1,18.42
0,2,17.92
0,3,17.27
0,4,16.55
0,5,15.87
0,6,15.32
0,7,14.97
0,8,14.8
1,0,18.55
1,1,18.26
1,2,17.74
1,3,17.04
1,4,16.27
1,5,15.53
1,6,14.91
1,7,14.5
1,8,14.3
2,0,18.28
2,1,17.97
2,2,17.38
2,3,16.61
2,4,15.73
2,5,14.84
2,6,14.07
2,7,13.53
2,8,13.25
3,0,17.94
3,1,17.58
3,2,16.91
3,3,16.02
3,4,14.97
3,5,13.85
3,6,12.82
3,7,12.03
3,8,11.62
4,0,17.58
4,1,17.17
4,2,16.4
4,3,15.35
4,4,14.07
4,5,12.64
4,6,11.23
4,7,10.08
4,8,9.43
5,0,17.27
5,1,16.8
5,2,15.92
5,3,14.69
5,4,13.14
5,5,11.32
5,6,9.42
5,7,7.78
5,8,6.81
6,0,17.05
6,1,16.54
6,2,15.54
6,3,14.13
6,4,12.29
6,5,10.04
6,6,7.59
6,7,5.38
6,8,4.05
7,0,16.94
7,1,16.38
7,2,15.29
7,3,13.72
7,4,11.63
7,5,9.02
7,6,6.07
7,7,3.34
7,8,1.67
8,0,16.89
8,1,16.31
8,2,15.17
8,3,13.51
8,4,11.28
8,5,8.45
8,6,5.2
8,7,2.17
8,8,0.29
0,0,18.64
0,1,18.37
0,2,17.88
0,3,17.23
0,4,16.52
0,5,15.84
0,6,15.3
0,7,14.93
0,8,14.76
1,0,18.5
1,1,18.22
1,2,17.7
1,3,17.01
1,4,16.24
1,5,15.5
1,6,14.89
1,7,14.47
1,8,14.26
2,0,18.23
2,1,17.92
2,2,17.35
2,3,16.58
2,4,15.7
2,5,14.82
2,6,14.05
2,7,13.5
2,8,13.22
3,0,17.89
3,1,17.54
3,2,16.88
3,3,15.99
3,4,14.94
3,5,13.83
3,6,12.81
3,7,12.02
3,8,11.6
4,0,17.54
4,1,17.13
4,2,16.37
4,3,15.32
4,4,14.05
4,5,12.63
4,6,11.24
4,7,10.1
4,8,9.46
5,0,17.23
5,1,16.77
5,2,15.89
5,3,14.66
5,4,13.12
5,5,11.32
5,6,9.45
5,7,7.84
5,8,6.91
6,0,17.0
6,1,16.49
6,2,15.51
6,3,14.1
6,4,12.26
6,5,10.05
6,6,7.65
6,7,5.52
6,8,4.24
7,0,16.88
7,1,16.33
7,2,15.25
7,3,13.68
7,4,11.61
7,5,9.04
7,6,6.17
7,7,3.56
7,8,1.97
8,0,16.83
8,1,16.25
8,2,15.12
8,3,13.47
8,4,11.25
8,5,8.47
8,6,5.33
8,7,2.43
8,8,0.66
0,0,18.59
0,1,18.33
0,2,17.84
0,3,17.2
0,4,16.49
0,5,15.82
0,6,15.27
0,7,14.9
0,8,14.72
1,0,18.45
1,1,18.17
1,2,17.66
1,3,16.98
1,4,16.22
1,5,15.48
1,6,14.86
1,7,14.43
1,8,14.22
2,0,18.19
2,1,17.88
2,2,17.31
2,3,16.55
2,4,15.68
2,5,14.8
2,6,14.03
2,7,13.47
2,8,13.19
3,0,17.85
3,1,17.5
3,2,16.85
3,3,15.96
3,4,14.92
3,5,13.82
3,6,12.8
3,7,12.01
3,8,11.59
4,0,17.49
4,1,17.09
4,2,16.34
4,3,15.3
4,4,14.03
4,5,12.62
4,6,11.24
4,7,10.12
4,8,9.49
5,0,17.18
5,1,16.73
5,2,15.86
5,3,14.64
5,4,13.1
5,5,11.31
5,6,9.48
5,7,7.91
5,8,7.0
6,0,16.96
6,1,16.45
6,2,15.47
6,3,14.06
6,4,12.24
6,5,10.06
6,6,7.72
6,7,5.66
6,8,4.43
7,0,16.82
7,1,16.28
7,2,15.21
7,3,13.65
7,4,11.59
7,5,9.06
7,6,6.27
7,7,3.77
7,8,2.26
8,0,16.77
8,1,16.2
8,2,15.08
8,3,13.43
8,4,11.23
8,5,8.5
8,6,5.45
8,7,2.69
8,8,1.01

Timestep: 20 s
0,0,18.55
0,1,18.29
0,2,17.8
0,3,17.17
0,4,16.46
0,5,15.79
0,6,15.24
0,7,14.87
0,8,14.69
1,0,18.41
1,1,18.13
1,2,17.62
1,3,16.94
1,4,16.19
1,5,15.45
1,6,14.83
1,7,14.4
1,8,14.19
2,0,18.15
2,1,17.84
2,2,17.28
2,3,16.52
2,4,15.65
2,5,14.77
2,6,14.01
2,7,13.45
2,8,13.15
3,0,17.81
3,1,17.46
3,2,16.82
3,3,15.94
3,4,14.9
3,5,13.8
3,6,12.79
3,7,12.01
3,8,11.58
4,0,17.45
4,1,17.06
4,2,16.31
4,3,15.27
4,4,14.01
4,5,12.61
4,6,11.25
4,7,10.14
4,8,9.52
5,0,17.14
5,1,16.69
5,2,15.83
5,3,14.61
5,4,13.08
5,5,11.32
5,6,9.51
5,7,7.98
5,8,7.1
6,0,16.91
6,1,16.41
6,2,15.44
6,3,14.04
6,4,12.22
6,5,10.07
6,6,7.79
6,7,5.8
6,8,4.62
7,0,16.77
7,1,16.23
7,2,15.17
7,3,13.61
7,4,11.57
7,5,9.08
7,6,6.38
7,7,3.98
7,8,2.53
8,0,16.71
8,1,16.14
8,2,15.03
8,3,13.39
8,4,11.21
8,5,8.53
8,6,5.58
8,7,2.93
8,8,1.34
0,0,18.5
0,1,18.24
0,2,17.76
0,3,17.13
0,4,16.44
0,5,15.77
0,6,15.22
0,7,14.84
0,8,14.65
1,0,18.36
1,1,18.09
1,2,17.58
1,3,16.91
1,4,16.16
1,5,15.43
1,6,14.81
1,7,14.37
1,8,14.15
2,0,18.1
2,1,17.8
2,2,17.24
2,3,16.49
2,4,15.62
2,5,14.75
2,6,13.98
2,7,13.42
2,8,13.13
3,0,17.77
3,1,17.43
3,2,16.78
3,3,15.91
3,4,14.88
3,5,13.79
3,6,12.78
3,7,12.0
3,8,11.58
4,0,17.41
4,1,17.02
4,2,16.28
4,3,15.25
4,4,13.99
4,5,12.6
4,6,11.25
4,7,10.16
4,8,9.55
5,0,17.1
5,1,16.65
5,2,15.8
5,3,14.58
5,4,13.06
5,5,11.32
5,6,9.55
5,7,8.06
5,8,7.19
6,0,16.86
6,1,16.37
6,2,15.4
6,3,14.01
6,4,12.21
6,5,10.09
6,6,7.86
6,7,5.93
6,8,4.8
7,0,16.72
7,1,16.18
7,2,15.13
7,3,13.58
7,4,11.55
7,5,9.11
7,6,6.48
7,7,4.17
7,8,2.8
8,0,16.65
8,1,16.09
8,2,14.99
8,3,13.35
8,4,11.19
8,5,8.56
8,6,5.71
8,7,3.17
8,8,1.65
0,0,18.45
0,1,18.2
0,2,17.73
0,3,17.1
0,4,16.41
0,5,15.74
0,6,15.19
0,7,14.81
0,8,14.61
1,0,18.32
1,1,18.05
1,2,17.55
1,3,16.88
1,4,16.13
1,5,15.4
1,6,14.78
1,7,14.34
1,8,14.12
2,0,18.06
2,1,17.76
2,2,17.21
2,3,16.46
2,4,15.6
2,5,14.73
2,6,13.96
2,7,13.4
2,8,13.1
3,0,17.72
3,1,17.39
3,2,16.75
3,3,15.88
3,4,14.85
3,5,13.77
3,6,12.77
3,7,11.99
3,8,11.57
4,0,17.37
4,1,16.98
4,2,16.25
4,3,15.22
4,4,13.97
4,5,12.6
4,6,11.26
4,7,10.19
4,8,9.58
5,0,17.06
5,1,16.61
5,2,15.77
5,3,14.56
5,4,13.04
5,5,11.32
5,6,9.58
5,7,8.13
5,8,7.29
6,0,16.82
6,1,16.32
6,2,15.37
6,3,13.98
6,4,12.19
6,5,10.11
6,6,7.93
6,7,6.07
6,8,4.97
7,0,16.66
7,1,16.13
7,2,15.08
7,3,13.55
7,4,11.54
7,5,9.14
7,6,6.59
7,7,4.37
7,8,3.05
8,0,16.6
8,1,16.04
8,2,14.94
8,3,13.32
8,4,11.18
8,5,8.6
8,6,5.83
8,7,3.4
8,8,1.96
0,0,18.41
0,1,18.16
0,2,17.69
0,3,17.07
0,4,16.38
0,5,15.71
0,6,15.16
0,7,14.77
0,8,14.58
1,0,18.27
1,1,18.0
1,2,17.51
1,3,16.85
1,4,16.1
1,5,15.38
1,6,14.75
1,7,14.31
1,8,14.08
2,0,18.01
2,1,17.72
2,2,17.17
2,3,16.43
2,4,15.57
2,5,14.71
2,6,13.94
2,7,13.38
2,8,13.08
3,0,17.68
3,1,17.35
3,2,16.72
3,3,15.85
3,4,14.83
3,5,13.75
3,6,12.76
3,7,11.99
3,8,11.57
4,0,17.33
4,1,16.95
4,2,16.22
4,3,15.19
4,4,13.95
4,5,12.59
4,6,11.27
4,7,10.21
4,8,9.62
5,0,17.01
5,1,16.58
5,2,15.73
5,3,14.53
5,4,13.03
5,5,11.33
5,6,9.62
5,7,8.2
5,8,7.38
6,0,16.77
6,1,16.28
6,2,15.33
6,3,13.95
6,4,12.18
6,5,10.13
6,6,8.0
6,7,6.2
6,8,5.14
7,0,16.61
7,1,16.08
7,2,15.04
7,3,13.52
7,4,11.53
7,5,9.17
7,6,6.7
7,7,4.56
7,8,3.3
8,0,16.54
8,1,15.99
8,2,14.9
8,3,13.29
8,4,11.17
8,5,8.64
8,6,5.96
8,7,3.63
8,8,2.24
0,0,18.36
0,1,18.11
0,2,17.65
0,3,17.03
0,4,16.35
0,5,15.69
0,6,15.13
0,7,14.74
0,8,14.54
1,0,18.23
1,1,17.96
1,2,17.47
1,3,16.81
1,4,16.08
1,5,15.35
1,6,14.73
1,7,14.28
1,8,14.05
2,0,17.97
2,1,17.68
2,2,17.13
2,3,16.4
2,4,15.55
2,5,14.69
2,6,13.92
2,7,13.35
2,8,13.05
3,0,17.64
3,1,17.31
3,2,16.69
3,3,15.82
3,4,14.81
3,5,13.74
3,6,12.75
3,7,11.98
3,8,11.57
4,0,17.29
4,1,16.91
4,2,16.19
4,3,15.17
4,4,13.93
4,5,12.58
4,6,11.28
4,7,10.24
4,8,9.66
5,0,16.97
5,1,16.54
5,2,15.7
5,3,14.51
5,4,13.02
5,5,11.33
5,6,9.66
5,7,8.27
5,8,7.48
6,0,16.72
6,1,16.24
6,2,15.29
6,3,13.92
6,4,12.17
6,5,10.15
6,6,8.08
6,7,6.32
6,8,5.31
7,0,16.56
7,1,16.04
7,2,15.0
7,3,13.49
7,4,11.52
7,5,9.21
7,6,6.8
7,7,4.74
7,8,3.53
8,0,16.48
8,1,15.94
8,2,14.85
8,3,13.26
8,4,11.17
8,5,8.69
8,6,6.09
8,7,3.84
8,8,2.52

Timestep: 25 s
0,0,18.32
0,1,18.07
0,2,17.61
0,3,17.0
0,4,16.32
0,5,15.66
0,6,15.11
0,7,14.71
0,8,14.51
1,0,18.18
1,1,17.92
1,2,17.43
1,3,16.78
1,4,16.05
1,5,15.32
1,6,14.7
1,7,14.25
1,8,14.02
2,0,17.93
2,1,17.64
2,2,17.1
2,3,16.37
2,4,15.52
2,5,14.67
2,6,13.9
2,7,13.33
2,8,13.03
3,0,17.6
3,1,17.27
3,2,16.65
3,3,15.8
3,4,14.79
3,5,13.72
3,6,12.74
3,7,11.98
3,8,11.57
4,0,17.25
4,1,16.87
4,2,16.15
4,3,15.14
4,4,13.91
4,5,12.58
4,6,11.3
4,7,10.27
4,8,9.69
5,0,16.93
5,1,16.5
5,2,15.67
5,3,14.48
5,4,13.0
5,5,11.34
5,6,9.7
5,7,8.34
5,8,7.57
6,0,16.68
6,1,16.2
6,2,15.26
6,3,13.9
6,4,12.16
6,5,10.17
6,6,8.15
6,7,6.45
6,8,5.47
7,0,16.51
7,1,15.99
7,2,14.96
7,3,13.46
7,4,11.52
7,5,9.25
7,6,6.91
7,7,4.91
7,8,3.75
8,0,16.43
8,1,15.89
8,2,14.81
8,3,13.23
8,4,11.17
8,5,8.74
8,6,6.21
8,7,4.05
8,8,2.78
0,0,18.27
0,1,18.03
0,2,17.57
0,3,16.97
0,4,16.29
0,5,15.63
0,6,15.08
0,7,14.68
0,8,14.48
1,0,18.14
1,1,17.88
1,2,17.4
1,3,16.75
1,4,16.02
1,5,15.3
1,6,14.68
1,7,14.22
1,8,13.99
2,0,17.89
2,1,17.6
2,2,17.06
2,3,16.34
2,4,15.5
2,5,14.64
2,6,13.88
2,7,13.32
2,8,13.01
3,0,17.56
3,1,17.24
3,2,16.62
3,3,15.77
3,4,14.76
3,5,13.71
3,6,12.74
3,7,11.98
3,8,11.57
4,0,17.21
4,1,16.84
4,2,16.12
4,3,15.12
4,4,13.9
4,5,12.57
4,6,11.31
4,7,10.3
4,8,9.73
5,0,16.89
5,1,16.46
5,2,15.64
5,3,14.46
5,4,12.99
5,5,11.35
5,6,9.74
5,7,8.41
5,8,7.66
6,0,16.63
6,1,16.15
6,2,15.22
6,3,13.87
6,4,12.16
6,5,10.2
6,6,8.22
6,7,6.57
6,8,5.63
7,0,16.46
7,1,15.94
7,2,14.93
7,3,13.43
7,4,11.51
7,5,9.29
7,6,7.01
7,7,5.09
7,8,3.97
8,0,16.38
8,1,15.84
8,2,14.77
8,3,13.2
8,4,11.16
8,5,8.78
8,6,6.33
8,7,4.25
8,8,3.04
0,0,18.23
0,1,17.99
0,2,17.54
0,3,16.93
0,4,16.26
0,5,15.61
0,6,15.05
0,7,14.65
0,8,14.44
1,0,18.1
1,1,17.84
1,2,17.36
1,3,16.72
1,4,15.99
1,5,15.27
1,6,14.65
1,7,14.2
1,8,13.96
2,0,17.85
2,1,17.56
2,2,17.03
2,3,16.3
2,4,15.47
2,5,14.62
2,6,13.86
2,7,13.3
2,8,12.99
3,0,17.52
3,1,17.2
3,2,16.59
3,3,15.74
3,4,14.74
3,5,13.7
3,6,12.73
3,7,11.98
3,8,11.57
4,0,17.17
4,1,16.8
4,2,16.09
4,3,15.09
4,4,13.88
4,5,12.57
4,6,11.32
4,7,10.33
4,8,9.77
5,0,16.85
5,1,16.42
5,2,15.6
5,3,14.43
5,4,12.98
5,5,11.36
5,6,9.78
5,7,8.48
5,8,7.75
6,0,16.59
6,1,16.11
6,2,15.19
6,3,13.85
6,4,12.15
6,5,10.23
6,6,8.29
6,7,6.69
6,8,5.78
7,0,16.41
7,1,15.9
7,2,14.89
7,3,13.41
7,4,11.51
7,5,9.33
7,6,7.11
7,7,5.25
7,8,4.18
8,0,16.32
8,1,15.79
8,2,14.73
8,3,13.17
8,4,11.17
8,5,8.84
8,6,6.45
8,7,4.44
8,8,3.28
0,0,18.19
0,1,17.95
0,2,17.5
0,3,16.9
0,4,16.23
0,5,15.58
0,6,15.02
0,7,14.62
0,8,14.41
1,0,18.05
1,1,17.8
1,2,17.32
1,3,16.68
1,4,15.96
1,5,15.25
1,6,14.63
1,7,14.17
1,8,13.93
2,0,17.8
2,1,17.52
2,2,16.99
2,3,16.27
2,4,15.44
2,5,14.6
2,6,13.85
2,7,13.28
2,8,12.98
3,0,17.48
3,1,17.16
3,2,16.55
3,3,15.71
3,4,14.72
3,5,13.68
3,6,12.72
3,7,11.98
3,8,11.58
4,0,17.13
4,1,16.76
4,2,16.06
4,3,15.07
4,4,13.87
4,5,12.57
4,6,11.34
4,7,10.36
4,8,9.81
5,0,16.8
5,1,16.38
5,2,15.57
5,3,14.41
5,4,12.97
5,5,11.38
5,6,9.82
5,7,8.56
5,8,7.84
6,0,16.54
6,1,16.07
6,2,15.15
6,3,13.82
6,4,12.15
6,5,10.25
6,6,8.37
6,7,6.81
6,8,5.93
7,0,16.36
7,1,15.85
7,2,14.85
7,3,13.38
7,4,11.51
7,5,9.37
7,6,7.21
7,7,5.42
7,8,4.38
8,0,16.27
8,1,15.74
8,2,14.69
8,3,13.15
8,4,11.17
8,5,8.89
8,6,6.57
8,7,4.63
8,8,3.52
0,0,18.14
0,1,17.91
0,2,17.46
0,3,16.87
0,4,16.2
0,5,15.55
0,6,14.99
0,7,14.59
0,8,14.38
1,0,18.01
1,1,17.76
1,2,17.29
1,3,16.65
1,4,15.93
1,5,15.22
1,6,14.6
1,7,14.15
1,8,13.91
2,0,17.76
2,1,17.48
2,2,16.96
2,3,16.24
2,4,15.42
2,5,14.58
2,6,13.83
2,7,13.26
2,8,12.96
3,0,17.44
3,1,17.12
3,2,16.52
3,3,15.69
3,4,14.7
3,5,13.67
3,6,12.72
3,7,11.98
3,8,11.58
4,0,17.09
4,1,16.73
4,2,16.03
4,3,15.04
4,4,13.85
4,5,12.57
4,6,11.35
4,7,10.39
4,8,9.85
5,0,16.76
5,1,16.35
5,2,15.54
5,3,14.38
5,4,12.96
5,5,11.39
5,6,9.86
5,7,8.63
5,8,7.93
6,0,16.5
6,1,16.03
6,2,15.12
6,3,13.8
6,4,12.14
6,5,10.28
6,6,8.44
6,7,6.93
6,8,6.07
7,0,16.31
7,1,15.81
7,2,14.81
7,3,13.36
7,4,11.52
7,5,9.42
7,6,7.31
7,7,5.57
7,8,4.58
8,0,16.22
8,1,15.69
8,2,14.65
8,3,13.13
8,4,11.18
8,5,8.94
8,6,6.69
8,7,4.82
8,8,3.74

Timestep: 30 s
0,0,18.1
0,1,17.86
0,2,17.42
0,3,16.83
0,4,16.17
0,5,15.52
0,6,14.97
0,7,14.56
0,8,14.35
1,0,17.97
1,1,17.72
1,2,17.25
1,3,16.62
1,4,15.91
1,5,15.2
1,6,14.58
1,7,14.12
1,8,13.88
2,0,17.72
2,1,17.45
2,2,16.92
2,3,16.21
2,4,15.39
2,5,14.56
2,6,13.81
2,7,13.25
2,8,12.95
3,0,17.4
3,1,17.09
3,2,16.49
3,3,15.66
3,4,14.68
3,5,13.66
3,6,12.71
3,7,11.98
3,8,11.59
4,0,17.05
4,1,16.69
4,2,15.99
4,3,15.02
4,4,13.84
4,5,12.57
4,6,11.37
4,7,10.42
4,8,9.89
5,0,16.72
5,1,16.31
5,2,15.51
5,3,14.36
5,4,12.95
5,5,11.4
5,6,9.9
5,7,8.7
5,8,8.02
6,0,16.45
6,1,15.99
6,2,15.09
6,3,13.78
6,4,12.14
6,5,10.31
6,6,8.51
6,7,7.04
6,8,6.21
7,0,16.27
7,1,15.76
7,2,14.78
7,3,13.34
7,4,11.52
7,5,9.46
7,6,7.41
7,7,5.73
7,8,4.77
8,0,16.17
8,1,15.65
8,2,14.62
8,3,13.11
8,4,11.18
8,5,8.99
8,6,6.8
8,7,4.99
8,8,3.96
0,0,18.06
0,1,17.82
0,2,17.39
0,3,16.8
0,4,16.14
0,5,15.5
0,6,14.94
0,7,14.53
0,8,14.32
1,0,17.93
1,1,17.68
1,2,17.21
1,3,16.59
1,4,15.88
1,5,15.17
1,6,14.55
1,7,14.1
1,8,13.85
2,0,17.68
2,1,17.41
2,2,16.89
2,3,16.18
2,4,15.37
2,5,14.54
2,6,13.79
2,7,13.23
2,8,12.93
3,0,17.36
3,1,17.05
3,2,16.45
3,3,15.63
3,4,14.66
3,5,13.64
3,6,12.71
3,7,11.99
3,8,11.59
4,0,17.01
4,1,16.65
4,2,15.96
4,3,14.99
4,4,13.82
4,5,12.57
4,6,11.38
4,7,10.45
4,8,9.93
5,0,16.68
5,1,16.27
5,2,15.47
5,3,14.34
5,4,12.95
5,5,11.42
5,6,9.95
5,7,8.76
5,8,8.1
6,0,16.41
6,1,15.95
6,2,15.05
6,3,13.76
6,4,12.14
6,5,10.34
6,6,8.58
6,7,7.15
6,8,6.35
7,0,16.22
7,1,15.72
7,2,14.74
7,3,13.32
7,4,11.53
7,5,9.51
7,6,7.51
7,7,5.88
7,8,4.95
8,0,16.12
8,1,15.6
8,2,14.58
8,3,13.09
8,4,11.19
8,5,9.05
8,6,6.92
8,7,5.17
8,8,4.17
0,0,18.02
0,1,17.78
0,2,17.35
0,3,16.77
0,4,16.11
0,5,15.47
0,6,14.91
0,7,14.51
0,8,14.29
1,0,17.88
1,1,17.64
1,2,17.18
1,3,16.56
1,4,15.85
1,5,15.15
1,6,14.53
1,7,14.07
1,8,13.83
2,0,17.64
2,1,17.37
2,2,16.85
2,3,16.15
2,4,15.34
2,5,14.52
2,6,13.78
2,7,13.22
2,8,12.92
3,0,17.32
3,1,17.01
3,2,16.42
3,3,15.6
3,4,14.64
3,5,13.63
3,6,12.71
3,7,11.99
3,8,11.6
4,0,16.97
4,1,16.62
4,2,15.93
4,3,14.97
4,4,13.81
4,5,12.57
4,6,11.4
4,7,10.48
4,8,9.97
5,0,16.64
5,1,16.23
5,2,15.44
5,3,14.32
5,4,12.94
5,5,11.43
5,6,9.99
5,7,8.83
5,8,8.19
6,0,16.37
6,1,15.91
6,2,15.02
6,3,13.74
6,4,12.14
6,5,10.38
6,6,8.66
6,7,7.26
6,8,6.48
7,0,16.17
7,1,15.68
7,2,14.71
7,3,13.3
7,4,11.53
7,5,9.56
7,6,7.61
7,7,6.02
7,8,5.13
8,0,16.07
8,1,15.56
8,2,14.54
8,3,13.07
8,4,11.2
8,5,9.1
8,6,7.03
8,7,5.33
8,8,4.37
0,0,17.97
0,1,17.74
0,2,17.31
0,3,16.73
0,4,16.08
0,5,15.44
0,6,14.88
0,7,14.48
0,8,14.26
1,0,17.84
1,1,17.6
1,2,17.14
1,3,16.52
1,4,15.82
1,5,15.12
1,6,14.5
1,7,14.05
1,8,13.81
2,0,17.6
2,1,17.33
2,2,16.82
2,3,16.12
2,4,15.32
2,5,14.5
2,6,13.76
2,7,13.21
2,8,12.91
3,0,17.28
3,1,16.97
3,2,16.39
3,3,15.58
3,4,14.62
3,5,13.62
3,6,12.7
3,7,12.0
3,8,11.61
4,0,16.93
4,1,16.58
4,2,15.9
4,3,14.94
4,4,13.79
4,5,12.57
4,6,11.42
4,7,10.51
4,8,10.01
5,0,16.6
5,1,16.2
5,2,15.41
5,3,14.3
5,4,12.93
5,5,11.45
5,6,10.03
5,7,8.9
5,8,8.27
6,0,16.32
6,1,15.87
6,2,14.99
6,3,13.72
6,4,12.15
6,5,10.41
6,6,8.73
6,7,7.37
6,8,6.61
7,0,16.13
7,1,15.64
7,2,14.68
7,3,13.28
7,4,11.54
7,5,9.6
7,6,7.7
7,7,6.16
7,8,5.3
8,0,16.03
8,1,15.52
8,2,14.51
8,3,13.05
8,4,11.21
8,5,9.16
8,6,7.14
8,7,5.5
8,8,4.57
0,0,17.93
0,1,17.7
0,2,17.28
0,3,16.7
0,4,16.05
0,5,15.41
0,6,14.86
0,7,14.45
0,8,14.24
1,0,17.8
1,1,17.56
1,2,17.11
1,3,16.49
1,4,15.79
1,5,15.1
1,6,14.48
1,7,14.03
1,8,13.78
2,0,17.56
2,1,17.29
2,2,16.79
2,3,16.09
2,4,15.29
2,5,14.48
2,6,13.75
2,7,13.19
2,8,12.9
3,0,17.24
3,1,16.94
3,2,16.36
3,3,15.55
3,4,14.6
3,5,13.61
3,6,12.7
3,7,12.0
3,8,11.62
4,0,16.89
4,1,16.54
4,2,15.87
4,3,14.92
4,4,13.78
4,5,12.57
4,6,11.43
4,7,10.54
4,8,10.05
5,0,16.56
5,1,16.16
5,2,15.38
5,3,14.28
5,4,12.93
5,5,11.47
5,6,10.07
5,7,8.97
5,8,8.35
6,0,16.28
6,1,15.83
6,2,14.96
6,3,13.7
6,4,12.15
6,5,10.44
6,6,8.8
6,7,7.48
6,8,6.74
7,0,16.08
7,1,15.6
7,2,14.64
7,3,13.27
7,4,11.55
7,5,9.65
7,6,7.8
7,7,6.3
7,8,5.46
8,0,15.98
8,1,15.47
8,2,14.48
8,3,13.03
8,4,11.23
8,5,9.22
8,6,7.25
8,7,5.65
8,8,4.76

Timestep: 35 s
0,0,17.89
0,1,17.66
0,2,17.24
0,3,16.67
0,4,16.03
0,5,15.39
0,6,14.83
0,7,14.42
0,8,14.21
1,0,17.76
1,1,17.52
1,2,17.07
1,3,16.46
1,4,15.77
1,5,15.07
1,6,14.46
1,7,14.0
1,8,13.76
2,0,17.52
2,1,17.25
2,2,16.75
2,3,16.07
2,4,15.27
2,5,14.46
2,6,13.73
2,7,13.18
2,8,12.89
3,0,17.2
3,1,16.9
3,2,16.32
3,3,15.52
3,4,14.58
3,5,13.6
3,6,12.7
3,7,12.01
3,8,11.63
4,0,16.85
4,1,16.51
4,2,15.84
4,3,14.9
4,4,13.77
4,5,12.57
4,6,11.45
4,7,10.58
4,8,10.1
5,0,16.52
5,1,16.12
5,2,15.35
5,3,14.26
5,4,12.92
5,5,11.48
5,6,10.12
5,7,9.03
5,8,8.43
6,0,16.24
6,1,15.79
6,2,14.93
6,3,13.68
6,4,12.15
6,5,10.48
6,6,8.87
6,7,7.58
6,8,6.86
7,0,16.04
7,1,15.55
7,2,14.61
7,3,13.25
7,4,11.56
7,5,9.7
7,6,7.89
7,7,6.44
7,8,5.62
8,0,15.93
8,1,15.43
8,2,14.45
8,3,13.02
8,4,11.24
8,5,9.27
8,6,7.35
8,7,5.81
8,8,4.94
0,0,17.85
0,1,17.62
0,2,17.2
0,3,16.64
0,4,16.0
0,5,15.36
0,6,14.81
0,7,14.4
0,8,14.18
1,0,17.72
1,1,17.48
1,2,17.03
1,3,16.43
1,4,15.74
1,5,15.05
1,6,14.44
1,7,13.98
1,8,13.74
2,0,17.48
2,1,17.22
2,2,16.72
2,3,16.04
2,4,15.25
2,5,14.44
2,6,13.72
2,7,13.17
2,8,12.88
3,0,17.17
3,1,16.86
3,2,16.29
3,3,15.5
3,4,14.56
3,5,13.59
3,6,12.7
3,7,12.02
3,8,11.64
4,0,16.82
4,1,16.47
4,2,15.8
4,3,14.87
4,4,13.76
4,5,12.57
4,6,11.47
4,7,10.61
4,8,10.14
5,0,16.48
5,1,16.08
5,2,15.32
5,3,14.24
5,4,12.92
5,5,11.5
5,6,10.16
5,7,9.1
5,8,8.51
6,0,16.2
6,1,15.75
6,2,14.89
6,3,13.67
6,4,12.16
6,5,10.51
6,6,8.94
6,7,7.68
6,8,6.98
7,0,15.99
7,1,15.51
7,2,14.58
7,3,13.24
7,4,11.57
7,5,9.75
7,6,7.98
7,7,6.57
7,8,5.78
8,0,15.89
8,1,15.39
8,2,14.41
8,3,13.01
8,4,11.26
8,5,9.33
8,6,7.46
8,7,5.96
8,8,5.12
0,0,17.81
0,1,17.59
0,2,17.17
0,3,16.6
0,4,15.97
0,5,15.33
0,6,14.78
0,7,14.37
0,8,14.16
1,0,17.68
1,1,17.44
1,2,17.0
1,3,16.4
1,4,15.71
1,5,15.02
1,6,14.41
1,7,13.96
1,8,13.72
2,0,17.44
2,1,17.18
2,2,16.68
2,3,16.01
2,4,15.22
2,5,14.42
2,6,13.7
2,7,13.16
2,8,12.87
3,0,17.13
3,1,16.83
3,2,16.26
3,3,15.47
3,4,14.54
3,5,13.58
3,6,12.7
3,7,12.02
3,8,11.66
4,0,16.78
4,1,16.43
4,2,15.77
4,3,14.85
4,4,13.75
4,5,12.58
4,6,11.49
4,7,10.64
4,8,10.18
5,0,16.44
5,1,16.05
5,2,15.29
5,3,14.22
5,4,12.92
5,5,11.52
5,6,10.2
5,7,9.16
5,8,8.59
6,0,16.15
6,1,15.72
6,2,14.87
6,3,13.65
6,4,12.16
6,5,10.55
6,6,9.0
6,7,7.78
6,8,7.1
7,0,15.95
7,1,15.48
7,2,14.55
7,3,13.22
7,4,11.59
7,5,9.79
7,6,8.07
7,7,6.7
7,8,5.93
8,0,15.84
8,1,15.35
8,2,14.38
8,3,12.99
8,4,11.27
8,5,9.38
8,6,7.56
8,7,6.1
8,8,5.29
0,0,17.77
0,1,17.55
0,2,17.13
0,3,16.57
0,4,15.94
0,5,15.31
0,6,14.75
0,7,14.35
0,8,14.13
1,0,17.64
1,1,17.41
1,2,16.96
1,3,16.37
1,4,15.68
1,5,15.0
1,6,14.39
1,7,13.94
1,8,13.7
2,0,17.4
2,1,17.14
2,2,16.65
2,3,15.98
2,4,15.2
2,5,14.4
2,6,13.69
2,7,13.15
2,8,12.86
3,0,17.09
3,1,16.79
3,2,16.23
3,3,15.44
3,4,14.53
3,5,13.57
3,6,12.7
3,7,12.03
3,8,11.67
4,0,16.74
4,1,16.4
4,2,15.74
4,3,14.83
4,4,13.74
4,5,12.58
4,6,11.51
4,7,10.68
4,8,10.22
5,0,16.4
5,1,16.01
5,2,15.26
5,3,14.2
5,4,12.91
5,5,11.54
5,6,10.25
5,7,9.23
5,8,8.67
6,0,16.11
6,1,15.68
6,2,14.84
6,3,13.64
6,4,12.17
6,5,10.58
6,6,9.07
6,7,7.88
6,8,7.21
7,0,15.9
7,1,15.44
7,2,14.52
7,3,13.21
7,4,11.6
7,5,9.84
7,6,8.16
7,7,6.82
7,8,6.08
8,0,15.8
8,1,15.31
8,2,14.35
8,3,12.98
8,4,11.29
8,5,9.44
8,6,7.66
8,7,6.25
8,8,5.46
0,0,17.73
0,1,17.51
0,2,17.09
0,3,16.54
0,4,15.91
0,5,15.28
0,6,14.73
0,7,14.32
0,8,14.11
1,0,17.6
1,1,17.37
1,2,16.93
1,3,16.34
1,4,15.66
1,5,14.97
1,6,14.37
1,7,13.92
1,8,13.68
2,0,17.36
2,1,17.11
2,2,16.62
2,3,15.95
2,4,15.18
2,5,14.39
2,6,13.68
2,7,13.14
2,8,12.85
3,0,17.05
3,1,16.76
3,2,16.19
3,3,15.42
3,4,14.51
3,5,13.56
3,6,12.7
3,7,12.04
3,8,11.68
4,0,16.7
4,1,16.36
4,2,15.71
4,3,14.81
4,4,13.72
4,5,12.58
4,6,11.53
4,7,10.71
4,8,10.26
5,0,16.36
5,1,15.98
5,2,15.23
5,3,14.18
5,4,12.91
5,5,11.56
5,6,10.29
5,7,9.29
5,8,8.74
6,0,16.07
6,1,15.64
6,2,14.81
6,3,13.62
6,4,12.18
6,5,10.61
6,6,9.14
6,7,7.97
6,8,7.33
7,0,15.86
7,1,15.4
7,2,14.49
7,3,13.2
7,4,11.61
7,5,9.89
7,6,8.25
7,7,6.95
7,8,6.22
8,0,15.75
8,1,15.27
8,2,14.33
8,3,12.97
8,4,11.31
8,5,9.49
8,6,7.76
8,7,6.38
8,8,5.62

Timestep: 40 s
0,0,17.69
0,1,17.47
0,2,17.06
0,3,16.51
0,4,15.88
0,5,15.25
0,6,14.7
0,7,14.3
0,8,14.08
1,0,17.56
1,1,17.33
1,2,16.89
1,3,16.3
1,4,15.63
1,5,14.95
1,6,14.35
1,7,13.9
1,8,13.66
2,0,17.32
2,1,17.07
2,2,16.58
2,3,15.92
2,4,15.15
2,5,14.37
2,6,13.66
2,7,13.13
2,8,12.85
3,0,17.01
3,1,16.72
3,2,16.16
3,3,15.39
3,4,14.49
3,5,13.55
3,6,12.7
3,7,12.05
3,8,11.69
4,0,16.66
4,1,16.33
4,2,15.68
4,3,14.78
4,4,13.71
4,5,12.59
4,6,11.55
4,7,10.74
4,8,10.3
5,0,16.32
5,1,15.94
5,2,15.2
5,3,14.16
5,4,12.91
5,5,11.58
5,6,10.33
5,7,9.35
5,8,8.82
6,0,16.03
6,1,15.61
6,2,14.78
6,3,13.61
6,4,12.18
6,5,10.65
6,6,9.2
6,7,8.07
6,8,7.44
7,0,15.82
7,1,15.36
7,2,14.47
7,3,13.19
7,4,11.63
7,5,9.94
7,6,8.33
7,7,7.07
7,8,6.36
8,0,15.71
8,1,15.23
8,2,14.3
8,3,12.96
8,4,11.33
8,5,9.55
8,6,7.86
8,7,6.52
8,8,5.77
0,0,17.65
0,1,17.43
0,2,17.02
0,3,16.47
0,4,15.85
0,5,15.23
0,6,14.68
0,7,14.27
0,8,14.06
1,0,17.52
1,1,17.29
1,2,16.86
1,3,16.27
1,4,15.6
1,5,14.93
1,6,14.33
1,7,13.88
1,8,13.64
2,0,17.29
2,1,17.03
2,2,16.55
2,3,15.89
2,4,15.13
2,5,14.35
2,6,13.65
2,7,13.13
2,8,12.84
3,0,16.97
3,1,16.68
3,2,16.13
3,3,15.37
3,4,14.47
3,5,13.55
3,6,12.7
3,7,12.06
3,8,11.71
4,0,16.63
4,1,16.29
4,2,15.65
4,3,14.76
4,4,13.71
4,5,12.59
4,6,11.57
4,7,10.77
4,8,10.34
5,0,16.28
5,1,15.91
5,2,15.17
5,3,14.15
5,4,12.91
5,5,11.6
5,6,10.37
5,7,9.42
5,8,8.89
6,0,15.99
6,1,15.57
6,2,14.75
6,3,13.59
6,4,12.19
6,5,10.68
6,6,9.27
6,7,8.16
6,8,7.54
7,0,15.78
7,1,15.32
7,2,14.44
7,3,13.18
7,4,11.64
7,5,9.98
7,6,8.42
7,7,7.18
7,8,6.5
8,0,15.67
8,1,15.19
8,2,14.27
8,3,12.95
8,4,11.34
8,5,9.6
8,6,7.95
8,7,6.65
8,8,5.93
0,0,17.61
0,1,17.39
0,2,16.99
0,3,16.44
0,4,15.82
0,5,15.2
0,6,14.66
0,7,14.25
0,8,14.04
1,0,17.48
1,1,17.25
1,2,16.82
1,3,16.24
1,4,15.58
1,5,14.9
1,6,14.31
1,7,13.86
1,8,13.63
2,0,17.25
2,1,17.0
2,2,16.52
2,3,15.86
2,4,15.11
2,5,14.33
2,6,13.64
2,7,13.12
2,8,12.84
3,0,16.94
3,1,16.65
3,2,16.1
3,3,15.34
3,4,14.46
3,5,13.54
3,6,12.7
3,7,12.07
3,8,11.72
4,0,16.59
4,1,16.26
4,2,15.62
4,3,14.74
4,4,13.7
4,5,12.6
4,6,11.59
4,7,10.81
4,8,10.38
5,0,16.25
5,1,15.87
5,2,15.15
5,3,14.13
5,4,12.91
5,5,11.62
5,6,10.41
5,7,9.48
5,8,8.96
6,0,15.95
6,1,15.53
6,2,14.73
6,3,13.58
6,4,12.2
6,5,10.72
6,6,9.33
6,7,8.25
6,8,7.65
7,0,15.74
7,1,15.29
7,2,14.41
7,3,13.17
7,4,11.66
7,5,10.03
7,6,8.5
7,7,7.3
7,8,6.63
8,0,15.63
8,1,15.16
8,2,14.25
8,3,12.95
8,4,11.36
8,5,9.66
8,6,8.05
8,7,6.78
8,8,6.07
0,0,17.57
0,1,17.35
0,2,16.95
0,3,16.41
0,4,15.79
0,5,15.18
0,6,14.63
0,7,14.23
0,8,14.01
1,0,17.44
1,1,17.22
1,2,16.79
1,3,16.21
1,4,15.55
1,5,14.88
1,6,14.29
1,7,13.85
1,8,13.61
2,0,17.21
2,1,16.96
2,2,16.48
2,3,15.84
2,4,15.08
2,5,14.32
2,6,13.63
2,7,13.11
2,8,12.83
3,0,16.9
3,1,16.61
3,2,16.07
3,3,15.32
3,4,14.44
3,5,13.53
3,6,12.71
3,7,12.08
3,8,11.74
4,0,16.55
4,1,16.22
4,2,15.6
4,3,14.72
4,4,13.69
4,5,12.6
4,6,11.61
4,7,10.84
4,8,10.42
5,0,16.21
5,1,15.84
5,2,15.12
5,3,14.11
5,4,12.91
5,5,11.64
5,6,10.46
5,7,9.54
5,8,9.03
6,0,15.91
6,1,15.5
6,2,14.7
6,3,13.57
6,4,12.21
6,5,10.75
6,6,9.4
6,7,8.34
6,8,7.75
7,0,15.7
7,1,15.25
7,2,14.39
7,3,13.16
7,4,11.67
7,5,10.08
7,6,8.58
7,7,7.41
7,8,6.76
8,0,15.59
8,1,15.12
8,2,14.22
8,3,12.94
8,4,11.38
8,5,9.71
8,6,8.14
8,7,6.9
8,8,6.22
0,0,17.53
0,1,17.32
0,2,16.92
0,3,16.38
0,4,15.77
0,5,15.15
0,6,14.61
0,7,14.21
0,8,13.99
1,0,17.4
1,1,17.18
1,2,16.76
1,3,16.18
1,4,15.52
1,5,14.86
1,6,14.27
1,7,13.83
1,8,13.59
2,0,17.17
2,1,16.92
2,2,16.45
2,3,15.81
2,4,15.06
2,5,14.3
2,6,13.62
2,7,13.1
2,8,12.83
3,0,16.86
3,1,16.58
3,2,16.04
3,3,15.3
3,4,14.42
3,5,13.53
3,6,12.71
3,7,12.09
3,8,11.75
4,0,16.51
4,1,16.19
4,2,15.57
4,3,14.7
4,4,13.68
4,5,12.61
4,6,11.63
4,7,10.87
4,8,10.46
5,0,16.17
5,1,15.8
5,2,15.09
5,3,14.1
5,4,12.91
5,5,11.66
5,6,10.5
5,7,9.6
5,8,9.1
6,0,15.87
6,1,15.47
6,2,14.67
6,3,13.56
6,4,12.22
6,5,10.79
6,6,9.46
6,7,8.42
6,8,7.85
7,0,15.66
7,1,15.22
7,2,14.36
7,3,13.15
7,4,11.69
7,5,10.13
7,6,8.66
7,7,7.52
7,8,6.89
8,0,15.54
8,1,15.09
8,2,14.2
8,3,12.93
8,4,11.4
8,5,9.77
8,6,8.23
8,7,7.02
8,8,6.36

Timestep: 45 s
0,0,17.49
0,1,17.28
0,2,16.88
0,3,16.35
0,4,15.74
0,5,15.13
0,6,14.59
0,7,14.19
0,8,13.97
1,0,17.37
1,1,17.14
1,2,16.72
1,3,16.15
1,4,15.5
1,5,14.84
1,6,14.25
1,7,13.81
1,8,13.58
2,0,17.13
2,1,16.89
2,2,16.42
2,3,15.78
2,4,15.04
2,5,14.29
2,6,13.61
2,7,13.1
2,8,12.82
3,0,16.82
3,1,16.54
3,2,16.01
3,3,15.27
3,4,14.41
3,5,13.52
3,6,12.71
3,7,12.1
3,8,11.76
4,0,16.48
4,1,16.16
4,2,15.54
4,3,14.68
4,4,13.67
4,5,12.62
4,6,11.65
4,7,10.91
4,8,10.5
5,0,16.13
5,1,15.77
5,2,15.07
5,3,14.08
5,4,12.91
5,5,11.68
5,6,10.54
5,7,9.66
5,8,9.17
6,0,15.84
6,1,15.43
6,2,14.65
6,3,13.55
6,4,12.23
6,5,10.82
6,6,9.52
6,7,8.51
6,8,7.95
7,0,15.62
7,1,15.18
7,2,14.34
7,3,13.15
7,4,11.71
7,5,10.17
7,6,8.74
7,7,7.62
7,8,7.01
8,0,15.51
8,1,15.05
8,2,14.17
8,3,12.93
8,4,11.42
8,5,9.82
8,6,8.32
8,7,7.14
8,8,6.49
0,0,17.45
0,1,17.24
0,2,16.85
0,3,16.32
0,4,15.71
0,5,15.1
0,6,14.56
0,7,14.16
0,8,13.95
1,0,17.33
1,1,17.11
1,2,16.69
1,3,16.12
1,4,15.47
1,5,14.82
1,6,14.23
1,7,13.8
1,8,13.56
2,0,17.1
2,1,16.85
2,2,16.39
2,3,15.75
2,4,15.02
2,5,14.27
2,6,13.6
2,7,13.09
2,8,12.82
3,0,16.79
3,1,16.51
3,2,15.98
3,3,15.25
3,4,14.39
3,5,13.51
3,6,12.72
3,7,12.11
3,8,11.78
4,0,16.44
4,1,16.12
4,2,15.51
4,3,14.66
4,4,13.66
4,5,12.62
4,6,11.67
4,7,10.94
4,8,10.54
5,0,16.1
5,1,15.74
5,2,15.04
5,3,14.07
5,4,12.91
5,5,11.7
5,6,10.58
5,7,9.71
5,8,9.24
6,0,15.8
6,1,15.4
6,2,14.63
6,3,13.54
6,4,12.24
6,5,10.86
6,6,9.58
6,7,8.59
6,8,8.05
7,0,15.58
7,1,15.15
7,2,14.32
7,3,13.14
7,4,11.72
7,5,10.22
7,6,8.82
7,7,7.73
7,8,7.13
8,0,15.47
8,1,15.02
8,2,14.15
8,3,12.92
8,4,11.45
8,5,9.87
8,6,8.4
8,7,7.26
8,8,6.63
0,0,17.41
0,1,17.21
0,2,16.81
0,3,16.29
0,4,15.68
0,5,15.08
0,6,14.54
0,7,14.14
0,8,13.93
1,0,17.29
1,1,17.07
1,2,16.65
1,3,16.09
1,4,15.45
1,5,14.79
1,6,14.22
1,7,13.78
1,8,13.55
2,0,17.06
2,1,16.82
2,2,16.35
2,3,15.73
2,4,15.0
2,5,14.25
2,6,13.59
2,7,13.09
2,8,12.82
3,0,16.75
3,1,16.47
3,2,15.95
3,3,15.22
3,4,14.38
3,5,13.51
3,6,12.72
3,7,12.12
3,8,11.79
4,0,16.4
4,1,16.09
4,2,15.48
4,3,14.65
4,4,13.66
4,5,12.63
4,6,11.69
4,7,10.97
4,8,10.58
5,0,16.06
5,1,15.7
5,2,15.02
5,3,14.06
5,4,12.92
5,5,11.72
5,6,10.62
5,7,9.77
5,8,9.31
6,0,15.76
6,1,15.37
6,2,14.6
6,3,13.53
6,4,12.25
6,5,10.89
6,6,9.64
6,7,8.67
6,8,8.14
7,0,15.54
7,1,15.12
7,2,14.29
7,3,13.13
7,4,11.74
7,5,10.26
7,6,8.89
7,7,7.83
7,8,7.24
8,0,15.43
8,1,14.99
8,2,14.13
8,3,12.92
8,4,11.47
8,5,9.92
8,6,8.49
8,7,7.37
8,8,6.76
0,0,17.37
0,1,17.17
0,2,16.78
0,3,16.25
0,4,15.65
0,5,15.05
0,6,14.52
0,7,14.12
0,8,13.91
1,0,17.25
1,1,17.03
1,2,16.62
1,3,16.06
1,4,15.42
1,5,14.77
1,6,14.2
1,7,13.77
1,8,13.54
2,0,17.02
2,1,16.78
2,2,16.32
2,3,15.7
2,4,14.98
2,5,14.24
2,6,13.58
2,7,13.08
2,8,12.82
3,0,16.71
3,1,16.44
3,2,15.92
3,3,15.2
3,4,14.36
3,5,13.5
3,6,12.72
3,7,12.13
3,8,11.81
4,0,16.37
4,1,16.05
4,2,15.46
4,3,14.63
4,4,13.65
4,5,12.64
4,6,11.71
4,7,11.0
4,8,10.62
5,0,16.02
5,1,15.67
5,2,14.99
5,3,14.04
5,4,12.92
5,5,11.74
5,6,10.66
5,7,9.83
5,8,9.37
6,0,15.73
6,1,15.33
6,2,14.58
6,3,13.52
6,4,12.26
6,5,10.93
6,6,9.7
6,7,8.75
6,8,8.23
7,0,15.51
7,1,15.08
7,2,14.27
7,3,13.13
7,4,11.76
7,5,10.31
7,6,8.97
7,7,7.93
7,8,7.36
8,0,15.39
8,1,14.95
8,2,14.11
8,3,12.92
8,4,11.49
8,5,9.98
8,6,8.57
8,7,7.48
8,8,6.88
0,0,17.34
0,1,17.13
0,2,16.75
0,3,16.22
0,4,15.63
0,5,15.03
0,6,14.5
0,7,14.1
0,8,13.89
1,0,17.21
1,1,17.0
1,2,16.59
1,3,16.03
1,4,15.4
1,5,14.75
1,6,14.18
1,7,13.75
1,8,13.52
2,0,16.99
2,1,16.75
2,2,16.29
2,3,15.67
2,4,14.95
2,5,14.22
2,6,13.57
2,7,13.08
2,8,12.81
3,0,16.68
3,1,16.41
3,2,15.89
3,3,15.18
3,4,14.35
3,5,13.5
3,6,12.73
3,7,12.14
3,8,11.83
4,0,16.33
4,1,16.02
4,2,15.43
4,3,14.61
4,4,13.64
4,5,12.64
4,6,11.73
4,7,11.03
4,8,10.66
5,0,15.99
5,1,15.64
5,2,14.97
5,3,14.03
5,4,12.92
5,5,11.76
5,6,10.7
5,7,9.88
5,8,9.44
6,0,15.69
6,1,15.3
6,2,14.56
6,3,13.51
6,4,12.27
6,5,10.96
6,6,9.76
6,7,8.83
6,8,8.32
7,0,15.47
7,1,15.05
7,2,14.25
7,3,13.12
7,4,11.78
7,5,10.35
7,6,9.04
7,7,8.02
7,8,7.47
8,0,15.35
8,1,14.92
8,2,14.09
8,3,12.91
8,4,11.51
8,5,10.03
8,6,8.65
8,7,7.59
8,8,7.01

Timestep: 50 s
0,0,17.3
0,1,17.1
0,2,16.71
0,3,16.19
0,4,15.6
0,5,15.0
0,6,14.48
0,7,14.08
0,8,13.88
1,0,17.18
1,1,16.96
1,2,16.56
1,3,16.0
1,4,15.37
1,5,14.73
1,6,14.16
1,7,13.74
1,8,13.51
2,0,16.95
2,1,16.71
2,2,16.26
2,3,15.65
2,4,14.93
2,5,14.21
2,6,13.56
2,7,13.07
2,8,12.81
3,0,16.64
3,1,16.37
3,2,15.86
3,3,15.16
3,4,14.34
3,5,13.49
3,6,12.73
3,7,12.15
3,8,11.84
4,0,16.3
4,1,15.99
4,2,15.4
4,3,14.59
4,4,13.64
4,5,12.65
4,6,11.75
4,7,11.07
4,8,10.69
5,0,15.95
5,1,15.61
5,2,14.94
5,3,14.02
5,4,12.92
5,5,11.78
5,6,10.74
5,7,9.94
5,8,9.5
6,0,15.65
6,1,15.27
6,2,14.53
6,3,13.5
6,4,12.28
6,5,11.0
6,6,9.82
6,7,8.91
6,8,8.41
7,0,15.43
7,1,15.02
7,2,14.23
7,3,13.12
7,4,11.79
7,5,10.4
7,6,9.11
7,7,8.12
7,8,7.58
8,0,15.32
8,1,14.89
8,2,14.07
8,3,12.91
8,4,11.53
8,5,10.08
8,6,8.73
8,7,7.69
8,8,7.13
0,0,17.26
0,1,17.06
0,2,16.68
0,3,16.16
0,4,15.57
0,5,14.98
0,6,14.46
0,7,14.07
0,8,13.86
1,0,17.14
1,1,16.93
1,2,16.52
1,3,15.97
1,4,15.35
1,5,14.71
1,6,14.15
1,7,13.72
1,8,13.5
2,0,16.91
2,1,16.68
2,2,16.23
2,3,15.62
2,4,14.91
2,5,14.2
2,6,13.55
2,7,13.07
2,8,12.81
3,0,16.61
3,1,16.34
3,2,15.83
3,3,15.13
3,4,14.32
3,5,13.49
3,6,12.73
3,7,12.16
3,8,11.86
4,0,16.26
4,1,15.96
4,2,15.38
4,3,14.57
4,4,13.63
4,5,12.66
4,6,11.77
4,7,11.1
4,8,10.73
5,0,15.92
5,1,15.58
5,2,14.92
5,3,14.0
5,4,12.93
5,5,11.8
5,6,10.78
5,7,9.99
5,8,9.56
6,0,15.62
6,1,15.24
6,2,14.51
6,3,13.5
6,4,12.29
6,5,11.03
6,6,9.87
6,7,8.98
6,8,8.5
7,0,15.4
7,1,14.99
7,2,14.21
7,3,13.11
7,4,11.81
7,5,10.44
7,6,9.18
7,7,8.21
7,8,7.68
8,0,15.28
8,1,14.86
8,2,14.05
8,3,12.91
8,4,11.55
8,5,10.13
8,6,8.81
8,7,7.8
8,8,7.24
0,0,17.22
0,1,17.02
0,2,16.64
0,3,16.13
0,4,15.55
0,5,14.96
0,6,14.44
0,7,14.05
0,8,13.84
1,0,17.1
1,1,16.89
1,2,16.49
1,3,15.95
1,4,15.32
1,5,14.69
1,6,14.13
1,7,13.71
1,8,13.49
2,0,16.88
2,1,16.64
2,2,16.2
2,3,15.59
2,4,14.89
2,5,14.18
2,6,13.55
2,7,13.07
2,8,12.81
3,0,16.57
3,1,16.31
3,2,15.8
3,3,15.11
3,4,14.31
3,5,13.48
3,6,12.74
3,7,12.18
3,8,11.87
4,0,16.23
4,1,15.93
4,2,15.35
4,3,14.56
4,4,13.63
4,5,12.66
4,6,11.79
4,7,11.13
4,8,10.77
5,0,15.88
5,1,15.54
5,2,14.89
5,3,13.99
5,4,12.93
5,5,11.82
5,6,10.81
5,7,10.04
5,8,9.62
6,0,15.58
6,1,15.21
6,2,14.49
6,3,13.49
6,4,12.3
6,5,11.06
6,6,9.93
6,7,9.06
6,8,8.58
7,0,15.36
7,1,14.96
7,2,14.19
7,3,13.11
7,4,11.83
7,5,10.49
7,6,9.25
7,7,8.3
7,8,7.79
8,0,15.25
8,1,14.83
8,2,14.03
8,3,12.91
8,4,11.57
8,5,10.18
8,6,8.89
8,7,7.9
8,8,7.36
0,0,17.19
0,1,16.99
0,2,16.61
0,3,16.1
0,4,15.52
0,5,14.93
0,6,14.42
0,7,14.03
0,8,13.82
1,0,17.07
1,1,16.86
1,2,16.46
1,3,15.92
1,4,15.3
1,5,14.67
1,6,14.11
1,7,13.7
1,8,13.48
2,0,16.84
2,1,16.61
2,2,16.17
2,3,15.57
2,4,14.87
2,5,14.17
2,6,13.54
2,7,13.07
2,8,12.81
3,0,16.54
3,1,16.27
3,2,15.77
3,3,15.09
3,4,14.29
3,5,13.48
3,6,12.74
3,7,12.19
3,8,11.89
4,0,16.19
4,1,15.89
4,2,15.32
4,3,14.54
4,4,13.62
4,5,12.67
4,6,11.81
4,7,11.16
4,8,10.81
5,0,15.85
5,1,15.51
5,2,14.87
5,3,13.98
5,4,12.93
5,5,11.84
5,6,10.85
5,7,10.09
5,8,9.68
6,0,15.55
6,1,15.18
6,2,14.47
6,3,13.48
6,4,12.31
6,5,11.1
6,6,9.98
6,7,9.13
6,8,8.66
7,0,15.33
7,1,14.93
7,2,14.17
7,3,13.11
7,4,11.85
7,5,10.53
7,6,9.32
7,7,8.39
7,8,7.89
8,0,15.21
8,1,14.8
8,2,14.01
8,3,12.91
8,4,11.6
8,5,10.22
8,6,8.96
8,7,7.99
8,8,7.47
0,0,17.15
0,1,16.95
0,2,16.58
0,3,16.07
0,4,15.49
0,5,14.91
0,6,14.4
0,7,14.01
0,8,13.81
1,0,17.03
1,1,16.82
1,2,16.43
1,3,15.89
1,4,15.27
1,5,14.65
1,6,14.1
1,7,13.69
1,8,13.47
2,0,16.8
2,1,16.57
2,2,16.14
2,3,15.54
2,4,14.85
2,5,14.16
2,6,13.53
2,7,13.06
2,8,12.81
3,0,16.5
3,1,16.24
3,2,15.75
3,3,15.07
3,4,14.28
3,5,13.47
3,6,12.75
3,7,12.2
3,8,11.9
4,0,16.16
4,1,15.86
4,2,15.3
4,3,14.52
4,4,13.62
4,5,12.68
4,6,11.83
4,7,11.19
4,8,10.84
5,0,15.82
5,1,15.48
5,2,14.85
5,3,13.97
5,4,12.94
5,5,11.86
5,6,10.89
5,7,10.15
5,8,9.74
6,0,15.52
6,1,15.15
6,2,14.45
6,3,13.48
6,4,12.33
6,5,11.13
6,6,10.04
6,7,9.2
6,8,8.75
7,0,15.3
7,1,14.9
7,2,14.15
7,3,13.11
7,4,11.87
7,5,10.57
7,6,9.39
7,7,8.48
7,8,7.99
8,0,15.18
8,1,14.77
8,2,13.99
8,3,12.91
8,4,11.62
8,5,10.27
8,6,9.04
8,7,8.09
8,8,7.58

Timestep: 55 s
0,0,17.11
0,1,16.92
0,2,16.55
0,3,16.04
0,4,15.47
0,5,14.89
0,6,14.38
0,7,14.0
0,8,13.79
1,0,16.99
1,1,16.79
1,2,16.39
1,3,15.86
1,4,15.25
1,5,14.63
1,6,14.08
1,7,13.67
1,8,13.45
2,0,16.77
2,1,16.54
2,2,16.11
2,3,15.52
2,4,14.84
2,5,14.14
2,6,13.53
2,7,13.06
2,8,12.81
3,0,16.47
3,1,16.21
3,2,15.72
3,3,15.05
3,4,14.27
3,5,13.47
3,6,12.75
3,7,12.21
3,8,11.92
4,0,16.12
4,1,15.83
4,2,15.27
4,3,14.51
4,4,13.61
4,5,12.69
4,6,11.85
4,7,11.22
4,8,10.88
5,0,15.78
5,1,15.45
5,2,14.83
5,3,13.96
5,4,12.94
5,5,11.88
5,6,10.93
5,7,10.2
5,8,9.8
6,0,15.48
6,1,15.12
6,2,14.43
6,3,13.47
6,4,12.34
6,5,11.16
6,6,10.09
6,7,9.27
6,8,8.82
7,0,15.26
7,1,14.88
7,2,14.13
7,3,13.1
7,4,11.88
7,5,10.61
7,6,9.45
7,7,8.57
7,8,8.08
8,0,15.15
8,1,14.74
8,2,13.98
8,3,12.91
8,4,11.64
8,5,10.32
8,6,9.11
8,7,8.19
8,8,7.68
0,0,17.08
0,1,16.88
0,2,16.51
0,3,16.01
0,4,15.44
0,5,14.87
0,6,14.36
0,7,13.98
0,8,13.78
1,0,16.96
1,1,16.75
1,2,16.36
1,3,15.83
1,4,15.23
1,5,14.61
1,6,14.07
1,7,13.66
1,8,13.44
2,0,16.73
2,1,16.51
2,2,16.08
2,3,15.49
2,4,14.82
2,5,14.13
2,6,13.52
2,7,13.06
2,8,12.81
3,0,16.43
3,1,16.18
3,2,15.69
3,3,15.03
3,4,14.26
3,5,13.47
3,6,12.76
3,7,12.22
3,8,11.94
4,0,16.09
4,1,15.8
4,2,15.25
4,3,14.49
4,4,13.61
4,5,12.7
4,6,11.87
4,7,11.25
4,8,10.91
5,0,15.75
5,1,15.43
5,2,14.81
5,3,13.95
5,4,12.94
5,5,11.91
5,6,10.96
5,7,10.25
5,8,9.86
6,0,15.45
6,1,15.09
6,2,14.41
6,3,13.46
6,4,12.35
6,5,11.19
6,6,10.14
6,7,9.34
6,8,8.9
7,0,15.23
7,1,14.85
7,2,14.12
7,3,13.1
7,4,11.9
7,5,10.66
7,6,9.52
7,7,8.65
7,8,8.18
8,0,15.11
8,1,14.72
8,2,13.96
8,3,12.91
8,4,11.66
8,5,10.37
8,6,9.18
8,7,8.28
8,8,7.79
0,0,17.04
0,1,16.85
0,2,16.48
0,3,15.98
0,4,15.42
0,5,14.85
0,6,14.34
0,7,13.96
0,8,13.76
1,0,16.92
1,1,16.72
1,2,16.33
1,3,15.81
1,4,15.2
1,5,14.6
1,6,14.06
1,7,13.65
1,8,13.44
2,0,16.7
2,1,16.47
2,2,16.05
2,3,15.47
2,4,14.8
2,5,14.12
2,6,13.51
2,7,13.06
2,8,12.81
3,0,16.4
3,1,16.14
3,2,15.66
3,3,15.01
3,4,14.24
3,5,13.46
3,6,12.77
3,7,12.24
3,8,11.95
4,0,16.06
4,1,15.77
4,2,15.23
4,3,14.48
4,4,13.6
4,5,12.7
4,6,11.89
4,7,11.28
4,8,10.95
5,0,15.72
5,1,15.4
5,2,14.78
5,3,13.94
5,4,12.95
5,5,11.93
5,6,11.0
5,7,10.29
5,8,9.91
6,0,15.42
6,1,15.07
6,2,14.39
6,3,13.46
6,4,12.36
6,5,11.23
6,6,10.19
6,7,9.41
6,8,8.98
7,0,15.2
7,1,14.82
7,2,14.1
7,3,13.1
7,4,11.92
7,5,10.7
7,6,9.58
7,7,8.73
7,8,8.27
8,0,15.08
8,1,14.69
8,2,13.94
8,3,12.91
8,4,11.68
8,5,10.41
8,6,9.25
8,7,8.37
8,8,7.89
0,0,17.0
0,1,16.81
0,2,16.45
0,3,15.96
0,4,15.39
0,5,14.82
0,6,14.32
0,7,13.95
0,8,13.75
1,0,16.89
1,1,16.68
1,2,16.3
1,3,15.78
1,4,15.18
1,5,14.58
1,6,14.04
1,7,13.64
1,8,13.43
2,0,16.66
2,1,16.44
2,2,16.02
2,3,15.44
2,4,14.78
2,5,14.11
2,6,13.51
2,7,13.06
2,8,12.81
3,0,16.36
3,1,16.11
3,2,15.64
3,3,14.99
3,4,14.23
3,5,13.46
3,6,12.77
3,7,12.25
3,8,11.97
4,0,16.02
4,1,15.74
4,2,15.2
4,3,14.46
4,4,13.6
4,5,12.71
4,6,11.91
4,7,11.31
4,8,10.98
5,0,15.68
5,1,15.37
5,2,14.76
5,3,13.93
5,4,12.95
5,5,11.95
5,6,11.04
5,7,10.34
5,8,9.97
6,0,15.39
6,1,15.04
6,2,14.37
6,3,13.45
6,4,12.37
6,5,11.26
6,6,10.24
6,7,9.47
6,8,9.05
7,0,15.17
7,1,14.79
7,2,14.08
7,3,13.1
7,4,11.94
7,5,10.74
7,6,9.65
7,7,8.81
7,8,8.36
8,0,15.05
8,1,14.66
8,2,13.93
8,3,12.91
8,4,11.71
8,5,10.46
8,6,9.32
8,7,8.46
8,8,7.99
0,0,16.97
0,1,16.78
0,2,16.42
0,3,15.93
0,4,15.37
0,5,14.8
0,6,14.3
0,7,13.93
0,8,13.73
1,0,16.85
1,1,16.65
1,2,16.27
1,3,15.75
1,4,15.16
1,5,14.56
1,6,14.03
1,7,13.63
1,8,13.42
2,0,16.63
2,1,16.41
2,2,15.99
2,3,15.42
2,4,14.76
2,5,14.1
2,6,13.5
2,7,13.05
2,8,12.81
3,0,16.33
3,1,16.08
3,2,15.61
3,3,14.97
3,4,14.22
3,5,13.46
3,6,12.78
3,7,12.26
3,8,11.99
4,0,15.99
4,1,15.71
4,2,15.18
4,3,14.45
4,4,13.59
4,5,12.72
4,6,11.93
4,7,11.34
4,8,11.02
5,0,15.65
5,1,15.34
5,2,14.74
5,3,13.92
5,4,12.96
5,5,11.97
5,6,11.07
5,7,10.39
5,8,10.02
6,0,15.36
6,1,15.01
6,2,14.36
6,3,13.45
6,4,12.39
6,5,11.29
6,6,10.29
6,7,9.54
6,8,9.13
7,0,15.14
7,1,14.77
7,2,14.07
7,3,13.1
7,4,11.96
7,5,10.78
7,6,9.71
7,7,8.89
7,8,8.45
8,0,15.02
8,1,14.64
8,2,13.91
8,3,12.91
8,4,11.73
8,5,10.5
8,6,9.39
8,7,8.54
8,8,8.08

Timestep: 60 s
0,0,16.93
0,1,16.74
0,2,16.38
0,3,15.9
0,4,15.34
0,5,14.78
0,6,14.29
0,7,13.92
0,8,13.72
1,0,16.81
1,1,16.61
1,2,16.24
1,3,15.72
1,4,15.14
1,5,14.54
1,6,14.01
1,7,13.62
1,8,13.41
2,0,16.59
2,1,16.37
2,2,15.96
2,3,15.39
2,4,14.74
2,5,14.08
2,6,13.49
2,7,13.05
2,8,12.82
3,0,16.3
3,1,16.05
3,2,15.58
3,3,14.95
3,4,14.21
3,5,13.46
3,6,12.78
3,7,12.27
3,8,12.0
4,0,15.96
4,1,15.68
4,2,15.15
4,3,14.43
4,4,13.59
4,5,12.73
4,6,11.95
4,7,11.37
4,8,11.05
5,0,15.62
5,1,15.31
5,2,14.72
5,3,13.91
5,4,12.96
5,5,11.99
5,6,11.11
5,7,10.44
5,8,10.08
6,0,15.33
6,1,14.99
6,2,14.34
6,3,13.45
6,4,12.4
6,5,11.32
6,6,10.34
6,7,9.6
6,8,9.2
7,0,15.11
7,1,14.74
7,2,14.05
7,3,13.1
7,4,11.98
7,5,10.82
7,6,9.77
7,7,8.97
7,8,8.54
8,0,14.99
8,1,14.61
8,2,13.9
8,3,12.91
8,4,11.75
8,5,10.55
8,6,9.46
8,7,8.63
8,8,8.18
0,0,16.9
0,1,16.71
0,2,16.35
0,3,15.87
0,4,15.32
0,5,14.76
0,6,14.27
0,7,13.9
0,8,13.71
1,0,16.78
1,1,16.58
1,2,16.21
1,3,15.7
1,4,15.11
1,5,14.52
1,6,14.0
1,7,13.61
1,8,13.4
2,0,16.56
2,1,16.34
2,2,15.93
2,3,15.37
2,4,14.73
2,5,14.07
2,6,13.49
2,7,13.05
2,8,12.82
3,0,16.26
3,1,16.02
3,2,15.56
3,3,14.93
3,4,14.2
3,5,13.45
3,6,12.79
3,7,12.29
3,8,12.02
4,0,15.93
4,1,15.65
4,2,15.13
4,3,14.42
4,4,13.59
4,5,12.74
4,6,11.97
4,7,11.4
4,8,11.08
5,0,15.59
5,1,15.28
5,2,14.7
5,3,13.9
5,4,12.97
5,5,12.01
5,6,11.14
5,7,10.48
5,8,10.13
6,0,15.3
6,1,14.96
6,2,14.32
6,3,13.44
6,4,12.41
6,5,11.35
6,6,10.39
6,7,9.66
6,8,9.27
7,0,15.08
7,1,14.72
7,2,14.04
7,3,13.1
7,4,11.99
7,5,10.86
7,6,9.83
7,7,9.04
7,8,8.62
8,0,14.96
8,1,14.59
8,2,13.89
8,3,12.91
8,4,11.77
8,5,10.59
8,6,9.52
8,7,8.71
8,8,8.27
0,0,16.86
0,1,16.67
0,2,16.32
0,3,15.84
0,4,15.29
0,5,14.74
0,6,14.25
0,7,13.89
0,8,13.69
1,0,16.74
1,1,16.55
1,2,16.18
1,3,15.67
1,4,15.09
1,5,14.51
1,6,13.99
1,7,13.6
1,8,13.39
2,0,16.53
2,1,16.31
2,2,15.9
2,3,15.35
2,4,14.71
2,5,14.06
2,6,13.48
2,7,13.05
2,8,12.82
3,0,16.23
3,1,15.99
3,2,15.53
3,3,14.91
3,4,14.19
3,5,13.45
3,6,12.79
3,7,12.3
3,8,12.03
4,0,15.9
4,1,15.62
4,2,15.11
4,3,14.4
4,4,13.58
4,5,12.75
4,6,11.99
4,7,11.42
4,8,11.12
5,0,15.56
5,1,15.26
5,2,14.68
5,3,13.89
5,4,12.97
5,5,12.03
5,6,11.17
5,7,10.53
5,8,10.18
6,0,15.27
6,1,14.93
6,2,14.3
6,3,13.44
6,4,12.42
6,5,11.38
6,6,10.44
6,7,9.72
6,8,9.34
7,0,15.05
7,1,14.69
7,2,14.02
7,3,13.1
7,4,12.01
7,5,10.9
7,6,9.89
7,7,9.12
7,8,8.7
8,0,14.93
8,1,14.57
8,2,13.87
8,3,12.91
8,4,11.79
8,5,10.64
8,6,9.59
8,7,8.79
8,8,8.36
0,0,16.83
0,1,16.64
0,2,16.29
0,3,15.81
0,4,15.27
0,5,14.72
0,6,14.24
0,7,13.88
0,8,13.68
1,0,16.71
1,1,16.51
1,2,16.15
1,3,15.64
1,4,15.07
1,5,14.49
1,6,13.98
1,7,13.59
1,8,13.39
2,0,16.49
2,1,16.28
2,2,15.87
2,3,15.32
2,4,14.69
2,5,14.05
2,6,13.48
2,7,13.05
2,8,12.82
3,0,16.2
3,1,15.96
3,2,15.51
3,3,14.89
3,4,14.18
3,5,13.45
3,6,12.8
3,7,12.31
3,8,12.05
4,0,15.86
4,1,15.6
4,2,15.09
4,3,14.39
4,4,13.58
4,5,12.75
4,6,12.01
4,7,11.45
4,8,11.15
5,0,15.53
5,1,15.23
5,2,14.66
5,3,13.88
5,4,12.98
5,5,12.05
5,6,11.21
5,7,10.57
5,8,10.23
6,0,15.24
6,1,14.91
6,2,14.29
6,3,13.43
6,4,12.44
6,5,11.41
6,6,10.49
6,7,9.79
6,8,9.41
7,0,15.02
7,1,14.67
7,2,14.01
7,3,13.1
7,4,12.03
7,5,10.93
7,6,9.94
7,7,9.19
7,8,8.78
8,0,14.9
8,1,14.54
8,2,13.86
8,3,12.92
8,4,11.81
8,5,10.68
8,6,9.65
8,7,8.87
8,8,8.45
0,0,16.79
0,1,16.61
0,2,16.26
0,3,15.79
0,4,15.25
0,5,14.7
0,6,14.22
0,7,13.86
0,8,13.67
1,0,16.68
1,1,16.48
1,2,16.12
1,3,15.62
1,4,15.05
1,5,14.47
1,6,13.96
1,7,13.58
1,8,13.38
2,0,16.46
2,1,16.25
2,2,15.85
2,3,15.3
2,4,14.68
2,5,14.04
2,6,13.48
2,7,13.05
2,8,12.82
3,0,16.17
3,1,15.93
3,2,15.48
3,3,14.87
3,4,14.17
3,5,13.45
3,6,12.81
3,7,12.32
3,8,12.06
4,0,15.83
4,1,15.57
4,2,15.06
4,3,14.38
4,4,13.58
4,5,12.76
4,6,12.03
4,7,11.48
4,8,11.18
5,0,15.5
5,1,15.21
5,2,14.64
5,3,13.88
5,4,12.98
5,5,12.06
5,6,11.24
5,7,10.62
5,8,10.28
6,0,15.21
6,1,14.89
6,2,14.27
6,3,13.43
6,4,12.45
6,5,11.44
6,6,10.53
6,7,9.84
6,8,9.47
7,0,14.99
7,1,14.65
7,2,14.0
7,3,13.1
7,4,12.05
7,5,10.97
7,6,10.0
7,7,9.26
7,8,8.86
8,0,14.87
8,1,14.52
8,2,13.85
8,3,12.92
8,4,11.84
8,5,10.72
8,6,9.71
8,7,8.95
8,8,8.54

Timestep: 65 s
0,0,16.76
0,1,16.57
0,2,16.23
0,3,15.76
0,4,15.22
0,5,14.68
0,6,14.21
0,7,13.85
0,8,13.66
1,0,16.64
1,1,16.45
1,2,16.09
1,3,15.59
1,4,15.03
1,5,14.46
1,6,13.95
1,7,13.57
1,8,13.37
2,0,16.43
2,1,16.22
2,2,15.82
2,3,15.28
2,4,14.66
2,5,14.03
2,6,13.47
2,7,13.05
2,8,12.83
3,0,16.13
3,1,15.9
3,2,15.46
3,3,14.85
3,4,14.16
3,5,13.45
3,6,12.81
3,7,12.34
3,8,12.08
4,0,15.8
4,1,15.54
4,2,15.04
4,3,14.36
4,4,13.57
4,5,12.77
4,6,12.05
4,7,11.51
4,8,11.22
5,0,15.47
5,1,15.18
5,2,14.63
5,3,13.87
5,4,12.99
5,5,12.08
5,6,11.27
5,7,10.66
5,8,10.33
6,0,15.18
6,1,14.86
6,2,14.26
6,3,13.43
6,4,12.46
6,5,11.47
6,6,10.58
6,7,9.9
6,8,9.54
7,0,14.96
7,1,14.62
7,2,13.98
7,3,13.1
7,4,12.07
7,5,11.01
7,6,10.05
7,7,9.33
7,8,8.94
8,0,14.85
8,1,14.5
8,2,13.83
8,3,12.92
8,4,11.86
8,5,10.76
8,6,9.77
8,7,9.02
8,8,8.62
0,0,16.72
0,1,16.54
0,2,16.2
0,3,15.73
0,4,15.2
0,5,14.67
0,6,14.19
0,7,13.84
0,8,13.65
1,0,16.61
1,1,16.42
1,2,16.06
1,3,15.57
1,4,15.01
1,5,14.44
1,6,13.94
1,7,13.57
1,8,13.37
2,0,16.39
2,1,16.18
2,2,15.79
2,3,15.26
2,4,14.64
2,5,14.02
2,6,13.47
2,7,13.05
2,8,12.83
3,0,16.1
3,1,15.87
3,2,15.43
3,3,14.83
3,4,14.14
3,5,13.44
3,6,12.82
3,7,12.35
3,8,12.1
4,0,15.77
4,1,15.51
4,2,15.02
4,3,14.35
4,4,13.57
4,5,12.78
4,6,12.07
4,7,11.53
4,8,11.25
5,0,15.44
5,1,15.15
5,2,14.61
5,3,13.86
5,4,12.99
5,5,12.1
5,6,11.31
5,7,10.7
5,8,10.38
6,0,15.15
6,1,14.84
6,2,14.24
6,3,13.42
6,4,12.47
6,5,11.5
6,6,10.62
6,7,9.96
6,8,9.6
7,0,14.94
7,1,14.6
7,2,13.97
7,3,13.1
7,4,12.09
7,5,11.05
7,6,10.11
7,7,9.4
7,8,9.02
8,0,14.82
8,1,14.48
8,2,13.82
8,3,12.92
8,4,11.88
8,5,10.8
8,6,9.83
8,7,9.1
8,8,8.7
0,0,16.69
0,1,16.51
0,2,16.17
0,3,15.71
0,4,15.18
0,5,14.65
0,6,14.18
0,7,13.83
0,8,13.64
1,0,16.57
1,1,16.38
1,2,16.03
1,3,15.54
1,4,14.99
1,5,14.43
1,6,13.93
1,7,13.56
1,8,13.36
2,0,16.36
2,1,16.15
2,2,15.76
2,3,15.23
2,4,14.63
2,5,14.01
2,6,13.46
2,7,13.05
2,8,12.83
3,0,16.07
3,1,15.84
3,2,15.41
3,3,14.82
3,4,14.13
3,5,13.44
3,6,12.82
3,7,12.36
3,8,12.11
4,0,15.74
4,1,15.49
4,2,15.0
4,3,14.34
4,4,13.57
4,5,12.79
4,6,12.09
4,7,11.56
4,8,11.28
5,0,15.41
5,1,15.13
5,2,14.59
5,3,13.85
5,4,13.0
5,5,12.12
5,6,11.34
5,7,10.75
5,8,10.43
6,0,15.12
6,1,14.81
6,2,14.23
6,3,13.42
6,4,12.49
6,5,11.53
6,6,10.67
6,7,10.02
6,8,9.67
7,0,14.91
7,1,14.58
7,2,13.96
7,3,13.1
7,4,12.1
7,5,11.08
7,6,10.16
7,7,9.47
7,8,9.09
8,0,14.79
8,1,14.46
8,2,13.81
8,3,12.93
8,4,11.9
8,5,10.84
8,6,9.89
8,7,9.17
8,8,8.79
0,0,16.65
0,1,16.47
0,2,16.14
0,3,15.68
0,4,15.16
0,5,14.63
0,6,14.16
0,7,13.81
0,8,13.63
1,0,16.54
1,1,16.35
1,2,16.0
1,3,15.52
1,4,14.97
1,5,14.41
1,6,13.92
1,7,13.55
1,8,13.35
2,0,16.33
2,1,16.12
2,2,15.74
2,3,15.21
2,4,14.61
2,5,14.0
2,6,13.46
2,7,13.05
2,8,12.84
3,0,16.04
3,1,15.81
3,2,15.38
3,3,14.8
3,4,14.13
3,5,13.44
3,6,12.83
3,7,12.37
3,8,12.13
4,0,15.71
4,1,15.46
4,2,14.98
4,3,14.32
4,4,13.57
4,5,12.8
4,6,12.11
4,7,11.59
4,8,11.31
5,0,15.39
5,1,15.11
5,2,14.57
5,3,13.84
5,4,13.0
5,5,12.14
5,6,11.37
5,7,10.79
5,8,10.47
6,0,15.1
6,1,14.79
6,2,14.21
6,3,13.42
6,4,12.5
6,5,11.56
6,6,10.71
6,7,10.07
6,8,9.73
7,0,14.88
7,1,14.56
7,2,13.94
7,3,13.1
7,4,12.12
7,5,11.12
7,6,10.22
7,7,9.53
7,8,9.17
8,0,14.77
8,1,14.43
8,2,13.8
8,3,12.93
8,4,11.92
8,5,10.88
8,6,9.95
8,7,9.24
8,8,8.87
0,0,16.62
0,1,16.44
0,2,16.11
0,3,15.65
0,4,15.13
0,5,14.61
0,6,14.15
0,7,13.8
0,8,13.62
1,0,16.51
1,1,16.32
1,2,15.97
1,3,15.49
1,4,14.95
1,5,14.4
1,6,13.91
1,7,13.54
1,8,13.35
2,0,16.3
2,1,16.09
2,2,15.71
2,3,15.19
2,4,14.59
2,5,13.99
2,6,13.46
2,7,13.05
2,8,12.84
3,0,16.01
3,1,15.79
3,2,15.36
3,3,14.78
3,4,14.12
3,5,13.44
3,6,12.84
3,7,12.39
3,8,12.14
4,0,15.68
4,1,15.43
4,2,14.96
4,3,14.31
4,4,13.56
4,5,12.8
4,6,12.12
4,7,11.61
4,8,11.34
5,0,15.36
5,1,15.08
5,2,14.56
5,3,13.84
5,4,13.01
5,5,12.16
5,6,11.4
5,7,10.83
5,8,10.52
6,0,15.07
6,1,14.77
6,2,14.2
6,3,13.42
6,4,12.51
6,5,11.58
6,6,10.75
6,7,10.13
6,8,9.79
7,0,14.86
7,1,14.54
7,2,13.93
7,3,13.1
7,4,12.14
7,5,11.15
7,6,10.27
7,7,9.6
7,8,9.24
8,0,14.74
8,1,14.41
8,2,13.79
8,3,12.93
8,4,11.94
8,5,10.92
8,6,10.01
8,7,9.32
8,8,8.94

Timestep: 70 s
0,0,16.59
0,1,16.41
0,2,16.08
0,3,15.63
0,4,15.11
0,5,14.59
0,6,14.13
0,7,13.79
0,8,13.61
1,0,16.47
1,1,16.29
1,2,15.94
1,3,15.47
1,4,14.93
1,5,14.38
1,6,13.9
1,7,13.54
1,8,13.34
2,0,16.26
2,1,16.06
2,2,15.68
2,3,15.17
2,4,14.58
2,5,13.98
2,6,13.45
2,7,13.06
2,8,12.84
3,0,15.98
3,1,15.76
3,2,15.34
3,3,14.76
3,4,14.11
3,5,13.44
3,6,12.84
3,7,12.4
3,8,12.16
4,0,15.65
4,1,15.41
4,2,14.94
4,3,14.3
4,4,13.56
4,5,12.81
4,6,12.14
4,7,11.64
4,8,11.37
5,0,15.33
5,1,15.06
5,2,14.54
5,3,13.83
5,4,13.01
5,5,12.18
5,6,11.43
5,7,10.87
5,8,10.57
6,0,15.04
6,1,14.75
6,2,14.19
6,3,13.41
6,4,12.52
6,5,11.61
6,6,10.79
6,7,10.18
6,8,9.85
7,0,14.83
7,1,14.52
7,2,13.92
7,3,13.1
7,4,12.16
7,5,11.19
7,6,10.32
7,7,9.66
7,8,9.31
8,0,14.72
8,1,14.39
8,2,13.78
8,3,12.94
8,4,11.96
8,5,10.96
8,6,10.06
8,7,9.38
8,8,9.02
0,0,16.55
0,1,16.38
0,2,16.05
0,3,15.6
0,4,15.09
0,5,14.58
0,6,14.12
0,7,13.78
0,8,13.6
1,0,16.44
1,1,16.26
1,2,15.91
1,3,15.44
1,4,14.91
1,5,14.37
1,6,13.89
1,7,13.53
1,8,13.34
2,0,16.23
2,1,16.03
2,2,15.66
2,3,15.15
2,4,14.56
2,5,13.97
2,6,13.45
2,7,13.06
2,8,12.85
3,0,15.95
3,1,15.73
3,2,15.31
3,3,14.75
3,4,14.1
3,5,13.44
3,6,12.85
3,7,12.41
3,8,12.17
4,0,15.63
4,1,15.38
4,2,14.92
4,3,14.29
4,4,13.56
4,5,12.82
4,6,12.16
4,7,11.66
4,8,11.4
5,0,15.3
5,1,15.03
5,2,14.52
5,3,13.82
5,4,13.02
5,5,12.2
5,6,11.46
5,7,10.91
5,8,10.61
6,0,15.02
6,1,14.73
6,2,14.17
6,3,13.41
6,4,12.53
6,5,11.64
6,6,10.84
6,7,10.23
6,8,9.91
7,0,14.81
7,1,14.5
7,2,13.91
7,3,13.11
7,4,12.17
7,5,11.22
7,6,10.37
7,7,9.72
7,8,9.38
8,0,14.69
8,1,14.38
8,2,13.77
8,3,12.94
8,4,11.98
8,5,11.0
8,6,10.12
8,7,9.45
8,8,9.1
0,0,16.52
0,1,16.35
0,2,16.02
0,3,15.58
0,4,15.07
0,5,14.56
0,6,14.11
0,7,13.77
0,8,13.59
1,0,16.41
1,1,16.23
1,2,15.88
1,3,15.42
1,4,14.89
1,5,14.35
1,6,13.88
1,7,13.52
1,8,13.33
2,0,16.2
2,1,16.0
2,2,15.63
2,3,15.13
2,4,14.55
2,5,13.96
2,6,13.45
2,7,13.06
2,8,12.85
3,0,15.92
3,1,15.7
3,2,15.29
3,3,14.73
3,4,14.09
3,5,13.44
3,6,12.86
3,7,12.42
3,8,12.19
4,0,15.6
4,1,15.36
4,2,14.9
4,3,14.28
4,4,13.56
4,5,12.83
4,6,12.18
4,7,11.69
4,8,11.43
5,0,15.28
5,1,15.01
5,2,14.51
5,3,13.82
5,4,13.02
5,5,12.21
5,6,11.49
5,7,10.95
5,8,10.65
6,0,14.99
6,1,14.71
6,2,14.16
6,3,13.41
6,4,12.55
6,5,11.67
6,6,10.88
6,7,10.28
6,8,9.96
7,0,14.78
7,1,14.48
7,2,13.9
7,3,13.11
7,4,12.19
7,5,11.25
7,6,10.42
7,7,9.79
7,8,9.45
8,0,14.67
8,1,14.36
8,2,13.76
8,3,12.95
8,4,12.0
8,5,11.04
8,6,10.17
8,7,9.52
8,8,9.17
0,0,16.49
0,1,16.31
0,2,15.99
0,3,15.55
0,4,15.05
0,5,14.54
0,6,14.09
0,7,13.76
0,8,13.58
1,0,16.38
1,1,16.2
1,2,15.86
1,3,15.4
1,4,14.87
1,5,14.34
1,6,13.87
1,7,13.52
1,8,13.33
2,0,16.17
2,1,15.97
2,2,15.61
2,3,15.11
2,4,14.53
2,5,13.96
2,6,13.44
2,7,13.06
2,8,12.85
3,0,15.89
3,1,15.67
3,2,15.27
3,3,14.72
3,4,14.08
3,5,13.44
3,6,12.86
3,7,12.43
3,8,12.2
4,0,15.57
4,1,15.33
4,2,14.88
4,3,14.27
4,4,13.56
4,5,12.84
4,6,12.2
4,7,11.71
4,8,11.46
5,0,15.25
5,1,14.99
5,2,14.49
5,3,13.81
5,4,13.03
5,5,12.23
5,6,11.52
5,7,10.98
5,8,10.7
6,0,14.97
6,1,14.68
6,2,14.15
6,3,13.41
6,4,12.56
6,5,11.69
6,6,10.92
6,7,10.33
6,8,10.02
7,0,14.76
7,1,14.46
7,2,13.89
7,3,13.11
7,4,12.21
7,5,11.29
7,6,10.47
7,7,9.85
7,8,9.51
8,0,14.65
8,1,14.34
8,2,13.75
8,3,12.95
8,4,12.02
8,5,11.07
8,6,10.22
8,7,9.58
8,8,9.24
0,0,16.45
0,1,16.28
0,2,15.96
0,3,15.53
0,4,15.03
0,5,14.52
0,6,14.08
0,7,13.75
0,8,13.57
1,0,16.34
1,1,16.17
1,2,15.83
1,3,15.37
1,4,14.85
1,5,14.33
1,6,13.86
1,7,13.51
1,8,13.33
2,0,16.14
2,1,15.95
2,2,15.58
2,3,15.09
2,4,14.52
2,5,13.95
2,6,13.44
2,7,13.06
2,8,12.86
3,0,15.86
3,1,15.65
3,2,15.25
3,3,14.7
3,4,14.07
3,5,13.43
3,6,12.87
3,7,12.45
3,8,12.22
4,0,15.54
4,1,15.31
4,2,14.86
4,3,14.25
4,4,13.55
4,5,12.85
4,6,12.21
4,7,11.74
4,8,11.48
5,0,15.22
5,1,14.97
5,2,14.47
5,3,13.81
5,4,13.03
5,5,12.25
5,6,11.55
5,7,11.02
5,8,10.74
6,0,14.94
6,1,14.66
6,2,14.13
6,3,13.41
6,4,12.57
6,5,11.72
6,6,10.96
6,7,10.38
6,8,10.08
7,0,14.74
7,1,14.44
7,2,13.88
7,3,13.11
7,4,12.22
7,5,11.32
7,6,10.51
7,7,9.9
7,8,9.58
8,0,14.62
8,1,14.32
8,2,13.74
8,3,12.95
8,4,12.04
8,5,11.11
8,6,10.28
8,7,9.65
8,8,9.31

Timestep: 75 s
0,0,16.42
0,1,16.25
0,2,15.93
0,3,15.5
0,4,15.01
0,5,14.51
0,6,14.07
0,7,13.74
0,8,13.56
1,0,16.31
1,1,16.14
1,2,15.8
1,3,15.35
1,4,14.83
1,5,14.31
1,6,13.85
1,7,13.51
1,8,13.32
2,0,16.11
2,1,15.92
2,2,15.56
2,3,15.07
2,4,14.51
2,5,13.94
2,6,13.44
2,7,13.06
2,8,12.86
3,0,15.83
3,1,15.62
3,2,15.22
3,3,14.68
3,4,14.06
3,5,13.43
3,6,12.88
3,7,12.46
3,8,12.23
4,0,15.52
4,1,15.28
4,2,14.84
4,3,14.24
4,4,13.55
4,5,12.85
4,6,12.23
4,7,11.76
4,8,11.51
5,0,15.2
5,1,14.94
5,2,14.46
5,3,13.8
5,4,13.04
5,5,12.27
5,6,11.58
5,7,11.06
5,8,10.78
6,0,14.92
6,1,14.64
6,2,14.12
6,3,13.41
6,4,12.58
6,5,11.74
6,6,11.0
6,7,10.43
6,8,10.13
7,0,14.71
7,1,14.42
7,2,13.87
7,3,13.11
7,4,12.24
7,5,11.35
7,6,10.56
7,7,9.96
7,8,9.64
8,0,14.6
8,1,14.3
8,2,13.73
8,3,12.96
8,4,12.06
8,5,11.14
8,6,10.33
8,7,9.71
8,8,9.38
0,0,16.39
0,1,16.22
0,2,15.91
0,3,15.48
0,4,14.99
0,5,14.49
0,6,14.06
0,7,13.73
0,8,13.56
1,0,16.28
1,1,16.11
1,2,15.78
1,3,15.33
1,4,14.81
1,5,14.3
1,6,13.84
1,7,13.5
1,8,13.32
2,0,16.08
2,1,15.89
2,2,15.53
2,3,15.05
2,4,14.49
2,5,13.93
2,6,13.43
2,7,13.06
2,8,12.87
3,0,15.8
3,1,15.59
3,2,15.2
3,3,14.67
3,4,14.05
3,5,13.43
3,6,12.88
3,7,12.47
3,8,12.25
4,0,15.49
4,1,15.26
4,2,14.82
4,3,14.23
4,4,13.55
4,5,12.86
4,6,12.25
4,7,11.79
4,8,11.54
5,0,15.17
5,1,14.92
5,2,14.44
5,3,13.79
5,4,13.04
5,5,12.28
5,6,11.6
5,7,11.1
5,8,10.82
6,0,14.9
6,1,14.62
6,2,14.11
6,3,13.41
6,4,12.59
6,5,11.77
6,6,11.03
6,7,10.48
6,8,10.18
7,0,14.69
7,1,14.4
7,2,13.86
7,3,13.12
7,4,12.26
7,5,11.38
7,6,10.61
7,7,10.02
7,8,9.71
8,0,14.58
8,1,14.29
8,2,13.73
8,3,12.96
8,4,12.08
8,5,11.18
8,6,10.38
8,7,9.77
8,8,9.45
0,0,16.36
0,1,16.19
0,2,15.88
0,3,15.45
0,4,14.97
0,5,14.48
0,6,14.04
0,7,13.72
0,8,13.55
1,0,16.25
1,1,16.08
1,2,15.75
1,3,15.3
1,4,14.8
1,5,14.29
1,6,13.83
1,7,13.49
1,8,13.31
2,0,16.05
2,1,15.86
2,2,15.51
2,3,15.03
2,4,14.48
2,5,13.92
2,6,13.43
2,7,13.07
2,8,12.87
3,0,15.77
3,1,15.57
3,2,15.18
3,3,14.65
3,4,14.05
3,5,13.43
3,6,12.89
3,7,12.48
3,8,12.26
4,0,15.46
4,1,15.23
4,2,14.81
4,3,14.22
4,4,13.55
4,5,12.87
4,6,12.26
4,7,11.81
4,8,11.57
5,0,15.15
5,1,14.9
5,2,14.43
5,3,13.79
5,4,13.05
5,5,12.3
5,6,11.63
5,7,11.13
5,8,10.86
6,0,14.87
6,1,14.61
6,2,14.1
6,3,13.4
6,4,12.61
6,5,11.79
6,6,11.07
6,7,10.53
6,8,10.24
7,0,14.67
7,1,14.39
7,2,13.85
7,3,13.12
7,4,12.27
7,5,11.42
7,6,10.65
7,7,10.08
7,8,9.77
8,0,14.56
8,1,14.27
8,2,13.72
8,3,12.97
8,4,12.1
8,5,11.21
8,6,10.43
8,7,9.83
8,8,9.52
0,0,16.33
0,1,16.16
0,2,15.85
0,3,15.43
0,4,14.95
0,5,14.46
0,6,14.03
0,7,13.71
0,8,13.54
1,0,16.22
1,1,16.05
1,2,15.72
1,3,15.28
1,4,14.78
1,5,14.27
1,6,13.82
1,7,13.49
1,8,13.31
2,0,16.02
2,1,15.83
2,2,15.48
2,3,15.01
2,4,14.46
2,5,13.92
2,6,13.43
2,7,13.07
2,8,12.87
3,0,15.75
3,1,15.54
3,2,15.16
3,3,14.64
3,4,14.04
3,5,13.43
3,6,12.9
3,7,12.49
3,8,12.28
4,0,15.44
4,1,15.21
4,2,14.79
4,3,14.21
4,4,13.55
4,5,12.88
4,6,12.28
4,7,11.83
4,8,11.6
5,0,15.12
5,1,14.88
5,2,14.41
5,3,13.78
5,4,13.05
5,5,12.32
5,6,11.66
5,7,11.17
5,8,10.9
6,0,14.85
6,1,14.59
6,2,14.09
6,3,13.4
6,4,12.62
6,5,11.82
6,6,11.11
6,7,10.57
6,8,10.29
7,0,14.65
7,1,14.37
7,2,13.84
7,3,13.12
7,4,12.29
7,5,11.45
7,6,10.69
7,7,10.13
7,8,9.83
8,0,14.54
8,1,14.25
8,2,13.71
8,3,12.97
8,4,12.12
8,5,11.25
8,6,10.47
8,7,9.89
8,8,9.58
0,0,16.29
0,1,16.13
0,2,15.82
0,3,15.4
0,4,14.93
0,5,14.45
0,6,14.02
0,7,13.7
0,8,13.54
1,0,16.19
1,1,16.02
1,2,15.7
1,3,15.26
1,4,14.76
1,5,14.26
1,6,13.82
1,7,13.48
1,8,13.31
2,0,15.99
2,1,15.8
2,2,15.46
2,3,14.99
2,4,14.45
2,5,13.91
2,6,13.43
2,7,13.07
2,8,12.88
3,0,15.72
3,1,15.52
3,2,15.14
3,3,14.62
3,4,14.03
3,5,13.43
3,6,12.9
3,7,12.51
3,8,12.29
4,0,15.41
4,1,15.19
4,2,14.77
4,3,14.2
4,4,13.55
4,5,12.89
4,6,12.3
4,7,11.86
4,8,11.62
5,0,15.1
5,1,14.86
5,2,14.4
5,3,13.78
5,4,13.06
5,5,12.33
5,6,11.69
5,7,11.2
5,8,10.94
6,0,14.83
6,1,14.57
6,2,14.07
6,3,13.4
6,4,12.63
6,5,11.84
6,6,11.14
6,7,10.62
6,8,10.34
7,0,14.63
7,1,14.35
7,2,13.83
7,3,13.12
7,4,12.31
7,5,11.48
7,6,10.74
7,7,10.18
7,8,9.89
8,0,14.52
8,1,14.24
8,2,13.7
8,3,12.97
8,4,12.13
8,5,11.28
8,6,10.52
8,7,9.95
8,8,9.64

Timestep: 80 s
0,0,16.26
0,1,16.1
0,2,15.79
0,3,15.38
0,4,14.91
0,5,14.43
0,6,14.01
0,7,13.7
0,8,13.53
1,0,16.16
1,1,15.99
1,2,15.67
1,3,15.24
1,4,14.74
1,5,14.25
1,6,13.81
1,7,13.48
1,8,13.31
2,0,15.96
2,1,15.78
2,2,15.43
2,3,14.97
2,4,14.44
2,5,13.9
2,6,13.43
2,7,13.07
2,8,12.88
3,0,15.69
3,1,15.49
3,2,15.12
3,3,14.61
3,4,14.02
3,5,13.43
3,6,12.91
3,7,12.52
3,8,12.31
4,0,15.38
4,1,15.17
4,2,14.75
4,3,14.19
4,4,13.55
4,5,12.89
4,6,12.31
4,7,11.88
4,8,11.65
5,0,15.08
5,1,14.84
5,2,14.39
5,3,13.77
5,4,13.07
5,5,12.35
5,6,11.71
5,7,11.24
5,8,10.98
6,0,14.81
6,1,14.55
6,2,14.06
6,3,13.4
6,4,12.64
6,5,11.87
6,6,11.18
6,7,10.66
6,8,10.39
7,0,14.61
7,1,14.33
7,2,13.82
7,3,13.13
7,4,12.32
7,5,11.51
7,6,10.78
7,7,10.24
7,8,9.95
8,0,14.5
8,1,14.22
8,2,13.69
8,3,12.98
8,4,12.15
8,5,11.31
8,6,10.57
8,7,10.01
8,8,9.71
0,0,16.23
0,1,16.07
0,2,15.77
0,3,15.36
0,4,14.89
0,5,14.42
0,6,14.0
0,7,13.69
0,8,13.52
1,0,16.13
1,1,15.96
1,2,15.64
1,3,15.22
1,4,14.73
1,5,14.24
1,6,13.8
1,7,13.48
1,8,13.3
2,0,15.93
2,1,15.75
2,2,15.41
2,3,14.95
2,4,14.42
2,5,13.89
2,6,13.42
2,7,13.07
2,8,12.89
3,0,15.66
3,1,15.47
3,2,15.1
3,3,14.59
3,4,14.01
3,5,13.43
3,6,12.91
3,7,12.53
3,8,12.32
4,0,15.36
4,1,15.14
4,2,14.73
4,3,14.18
4,4,13.54
4,5,12.9
4,6,12.33
4,7,11.9
4,8,11.67
5,0,15.05
5,1,14.82
5,2,14.37
5,3,13.77
5,4,13.07
5,5,12.37
5,6,11.74
5,7,11.27
5,8,11.02
6,0,14.79
6,1,14.53
6,2,14.05
6,3,13.4
6,4,12.65
6,5,11.89
6,6,11.22
6,7,10.71
6,8,10.44
7,0,14.59
7,1,14.32
7,2,13.81
7,3,13.13
7,4,12.34
7,5,11.54
7,6,10.82
7,7,10.29
7,8,10.0
8,0,14.48
8,1,14.21
8,2,13.69
8,3,12.98
8,4,12.17
8,5,11.35
8,6,10.61
8,7,10.06
8,8,9.77
0,0,16.2
0,1,16.04
0,2,15.74
0,3,15.33
0,4,14.87
0,5,14.4
0,6,13.99
0,7,13.68
0,8,13.52
1,0,16.1
1,1,15.93
1,2,15.62
1,3,15.2
1,4,14.71
1,5,14.22
1,6,13.79
1,7,13.47
1,8,13.3
2,0,15.9
2,1,15.72
2,2,15.39
2,3,14.93
2,4,14.41
2,5,13.89
2,6,13.42
2,7,13.08
2,8,12.89
3,0,15.64
3,1,15.44
3,2,15.07
3,3,14.58
3,4,14.01
3,5,13.43
3,6,12.92
3,7,12.54
3,8,12.34
4,0,15.33
4,1,15.12
4,2,14.72
4,3,14.17
4,4,13.54
4,5,12.91
4,6,12.35
4,7,11.92
4,8,11.7
5,0,15.03
5,1,14.8
5,2,14.36
5,3,13.76
5,4,13.08
5,5,12.38
5,6,11.77
5,7,11.3
5,8,11.06
6,0,14.76
6,1,14.51
6,2,14.04
6,3,13.4
6,4,12.66
6,5,11.91
6,6,11.25
6,7,10.75
6,8,10.49
7,0,14.57
7,1,14.3
7,2,13.81
7,3,13.13
7,4,12.35
7,5,11.57
7,6,10.87
7,7,10.34
7,8,10.06
8,0,14.46
8,1,14.19
8,2,13.68
8,3,12.99
8,4,12.19
8,5,11.38
8,6,10.66
8,7,10.12
8,8,9.83
0,0,16.17
0,1,16.01
0,2,15.71
0,3,15.31
0,4,14.85
0,5,14.39
0,6,13.98
0,7,13.67
0,8,13.51
1,0,16.07
1,1,15.9
1,2,15.59
1,3,15.17
1,4,14.69
1,5,14.21
1,6,13.79
1,7,13.47
1,8,13.3
2,0,15.87
2,1,15.7
2,2,15.36
2,3,14.91
2,4,14.4
2,5,13.88
2,6,13.42
2,7,13.08
2,8,12.9
3,0,15.61
3,1,15.42
3,2,15.05
3,3,14.56
3,4,14.0
3,5,13.43
3,6,12.93
3,7,12.55
3,8,12.35
4,0,15.31
4,1,15.1
4,2,14.7
4,3,14.16
4,4,13.54
4,5,12.92
4,6,12.36
4,7,11.95
4,8,11.72
5,0,15.01
5,1,14.78
5,2,14.35
5,3,13.76
5,4,13.08
5,5,12.4
5,6,11.79
5,7,11.34
5,8,11.09
6,0,14.74
6,1,14.5
6,2,14.03
6,3,13.4
6,4,12.67
6,5,11.94
6,6,11.28
6,7,10.79
6,8,10.53
7,0,14.55
7,1,14.29
7,2,13.8
7,3,13.13
7,4,12.37
7,5,11.59
7,6,10.91
7,7,10.39
7,8,10.11
8,0,14.44
8,1,14.18
8,2,13.67
8,3,12.99
8,4,12.21
8,5,11.41
8,6,10.7
8,7,10.17
8,8,9.89
0,0,16.14
0,1,15.98
0,2,15.69
0,3,15.29
0,4,14.83
0,5,14.37
0,6,13.97
0,7,13.67
0,8,13.5
1,0,16.04
1,1,15.88
1,2,15.57
1,3,15.15
1,4,14.68
